osu file format v14

[General]
AudioFilename: audio.mp3
AudioLeadIn: 0
PreviewTime: 65939
Countdown: 0
SampleSet: Soft
StackLeniency: 0.4
Mode: 0
LetterboxInBreaks: 0
WidescreenStoryboard: 0

[Editor]
Bookmarks: 11128,21895,32689,43476,54262,65049,86622,108195,129768,151341,156734,178307,199880,208476
DistanceSpacing: 0.2
BeatDivisor: 4
GridSize: 32
TimelineZoom: 2.567999

[Metadata]
Title:confess
TitleUnicode:confess
Artist:Fennel
ArtistUnicode:Fennel
Creator:Mir
Version:affection
Source:
Tags:japanese rock indie punk like a fool nekroman4ik
BeatmapID:5527815
BeatmapSetID:2509362

[Difficulty]
HPDrainRate:5
CircleSize:4
OverallDifficulty:8.5
ApproachRate:9.2
SliderMultiplier:1.6
SliderTickRate:1

[Events]
//Background and Video events
0,0,"camera.jpeg",0,0
//Break Periods
//Storyboard Layer 0 (Background)
//Storyboard Layer 1 (Fail)
//Storyboard Layer 2 (Pass)
//Storyboard Layer 3 (Foreground)
//Storyboard Layer 4 (Overlay)
//Storyboard Sound Samples

[TimingPoints]
1488,342.0753,4,2,0,70,1,8
1488,-100,4,2,0,70,0,8
1830,337.07867,4,2,0,70,1,0
1830,-83.3333333333333,4,2,0,70,0,0
4526,336.5115,4,2,0,70,1,0
4526,-83.3333333333333,4,2,0,70,0,0
6188,343.249430543537,4,2,0,70,1,0
6188,-100,4,2,0,70,0,0
6874,-100,4,2,0,70,0,8
7220,336.700339227006,4,2,0,70,1,0
7220,-83.3333333333333,4,2,0,70,0,8
9911,340.52213652306,4,2,0,70,1,0
9911,-66.6666666666667,4,2,0,70,0,0
11443,-100,4,2,0,70,0,0
11614,332.963376499752,4,2,0,70,1,8
11614,-100,4,2,0,70,0,8
12265,340.13608,4,2,0,70,1,8
12265,-100,4,2,0,70,0,8
12600,340.136055046058,4,2,0,70,1,0
12600,-100,4,2,0,70,0,0
13949,343.642612321077,4,2,0,70,1,0
13949,-100,4,2,0,70,0,0
14983,336.13446,4,2,0,70,1,8
14983,-100,4,2,0,70,0,8
15315,334.075729973283,4,2,0,70,1,0
15315,-100,4,2,0,70,0,0
17316,333.704121812984,4,2,0,70,1,0
17316,-100,4,2,0,70,0,0
17654,321.199149147109,4,2,0,70,1,0
17654,-100,4,2,0,70,0,0
17988,343.249434402148,4,2,0,70,1,0
17988,-100,4,2,0,70,0,0
19016,335.00836,4,2,0,70,1,8
19016,-100,4,2,0,70,0,8
19351,337.837822370457,4,2,0,70,1,0
19351,-100,4,2,0,70,0,0
20695,337.837822370457,4,2,0,70,1,0
20695,-66.6666666666667,4,2,0,70,0,0
22215,-100,4,2,0,70,0,0
23387,337.837822370457,4,2,0,70,1,0
23387,-100,4,2,0,70,0,0
23893,-133.333333333333,4,2,0,50,0,0
24395,-100,4,2,0,50,0,8
24405,350.26268015236,4,2,0,50,1,8
24484,-100,4,2,0,50,0,8
25074,336.511481904407,4,2,0,50,1,8
25074,-100,4,2,0,50,0,8
26411,354.40045526261,4,2,0,50,1,8
26411,-100,4,2,0,50,0,8
26588,-100,4,2,0,50,0,8
26942,-133.333333333333,4,2,0,50,0,8
27091,338.0282,4,2,0,50,1,8
27091,-100,4,2,0,50,0,8
27260,-133.333333333333,4,2,0,50,0,8
27429,338.409457592152,4,2,0,50,1,0
27429,-100,4,2,0,50,0,0
29290,-133.333333333333,4,2,0,50,0,0
30462,339.366497862708,4,2,0,50,1,8
30462,-100,4,2,0,50,0,8
31141,337.07867,4,2,0,50,1,8
31141,-100,4,2,0,50,0,8
31478,336.88934,4,2,0,50,1,0
31478,-100,4,2,0,50,0,0
31983,-133.333333333333,4,2,0,50,0,0
37879,338.0282,4,2,0,50,1,8
37879,-100,4,2,0,50,0,8
38217,338.0282,4,2,0,50,1,0
38217,-133.333333333333,4,2,0,50,0,0
40921,335.946249209228,4,2,0,50,1,0
40921,-133.333333333333,4,2,0,50,0,0
42259,342.27037750166,4,2,0,60,1,0
42259,-83.3333333333333,4,2,0,60,0,0
43287,337.26816,4,2,0,60,1,8
43287,-100,4,2,0,60,0,8
43624,337.26816,4,2,0,60,1,0
43624,-100,4,2,0,60,0,0
43792,-83.3333333333333,4,2,0,60,0,0
44973,333.518652590504,4,2,0,60,1,0
44973,-133.333333333333,4,2,0,60,0,0
46302,340.136086803647,4,2,0,60,1,0
46302,-100,4,2,0,60,0,0
46642,-133.333333333333,4,2,0,60,0,0
49683,370.599173710642,4,2,0,60,1,8
49683,-100,4,2,0,60,0,8
50031,337.07867,4,2,0,60,1,8
50031,-100,4,2,0,60,0,8
50368,336.5115,4,2,0,60,1,0
50368,-100,4,2,0,60,0,0
50536,-133.333333333333,4,2,0,60,0,0
54406,332.778704631216,4,2,0,60,1,0
54406,-100,4,2,0,60,0,0
55737,346.220429676764,4,2,0,60,1,0
55737,-133.333333333333,4,2,0,60,0,0
57122,327.689789394884,4,2,0,60,1,0
57122,-133.333333333333,4,2,0,60,0,0
58432,338.791645697624,4,2,0,60,1,0
58432,-100,4,2,0,60,0,0
58601,-133.333333333333,4,2,0,60,0,0
60802,338.0282,4,2,0,60,1,8
60802,-133.333333333333,4,2,0,60,0,8
61140,339.366538200283,4,2,0,70,1,0
61140,-100,4,2,0,70,0,0
63498,339.366538200283,4,2,0,70,1,8
63498,-100,4,2,0,70,0,0
63838,339.366538200283,4,2,0,70,1,0
65868,330.032986301028,4,2,0,70,1,8
65868,-100,4,2,0,70,0,8
66533,338.218746786719,4,2,0,80,1,1
66533,-76.9230769230769,4,2,0,80,0,1
69243,328.048143844512,4,2,0,80,1,1
69243,-76.9230769230769,4,2,0,80,0,1
69899,341.102931940877,4,2,0,80,1,9
69899,-100,4,2,0,80,0,1
70240,-76.9230769230769,4,2,0,80,0,1
70582,341.102931940877,4,2,0,80,1,1
71605,-76.9230769230769,4,2,0,80,0,1
71942,328.947398707583,4,2,0,80,1,1
71942,-76.9230769230769,4,2,0,80,0,1
72600,340.136086803647,4,2,0,80,1,1
72600,-76.9230769230769,4,2,0,80,0,1
73280,336.322901615054,4,2,0,80,1,1
73280,-100,4,2,0,80,0,1
73616,-76.9230769230769,4,2,0,80,0,1
77231,-76.9230769230769,4,2,0,80,0,0
77315,-76.9230769230769,4,2,0,80,0,1
77988,358.422975025501,4,2,0,80,1,9
77988,-76.9230769230769,4,2,0,80,0,9
78681,335.946200884238,4,2,0,80,1,1
78681,-100,4,2,0,80,0,1
79016,-76.9230769230769,4,2,0,80,0,1
80014,334.075676644628,4,2,0,80,1,1
80014,-76.9230769230769,4,2,0,80,0,1
81027,362.318785078029,4,2,0,80,1,1
81027,-100,4,2,0,80,0,1
81388,331.308622835826,4,2,0,80,1,1
81388,-100,4,2,0,80,0,1
81719,-76.9230769230769,4,2,0,80,0,1
82720,336.700288769898,4,2,0,80,1,1
82720,-76.9230769230769,4,2,0,80,0,1
88107,-76.9230769230769,4,2,0,70,0,0
88612,-133.333333333333,4,2,0,60,0,0
89126,337.64774,4,2,0,60,1,8
89126,-100,4,2,0,60,0,8
89458,337.64774,4,2,0,60,1,0
89458,-100,4,2,0,60,0,0
89795,-133.333333333333,4,2,0,60,0,0
90808,-100,4,2,0,60,0,0
91315,-133.333333333333,4,2,0,60,0,0
93509,-100,4,2,0,60,0,0
93847,-133.333333333333,4,2,0,60,0,0
96210,-100,4,2,0,60,0,0
96717,-133.333333333333,4,2,0,60,0,0
97227,336.13446,4,2,0,60,1,8
97227,-100,4,2,0,60,0,8
97395,-133.333333333333,4,2,0,60,0,8
97563,335.57047,4,2,0,60,1,0
97563,-100,4,2,0,60,0,0
98066,-100,4,2,0,60,0,0
98569,-133.333333333333,4,2,0,60,0,0
99408,-100,4,2,0,60,0,0
101255,338.0282,4,2,0,60,1,8
101255,-100,4,2,0,60,0,8
101593,338.600470697449,4,2,0,60,1,0
101593,-100,4,2,0,60,0,0
104295,338.600470697449,4,2,0,60,1,0
104295,-100,4,2,0,60,0,0
107003,-66.6666666666667,4,2,0,60,0,0
108006,336.13446,4,2,0,60,1,8
108006,-66.6666666666667,4,2,0,60,0,8
108342,-100,4,2,0,60,0,0
108357,331.491741337566,4,2,0,60,1,0
108357,-100,4,2,0,60,0,0
108522,-66.6666666666667,4,2,0,60,0,0
109019,326.086984226134,4,2,0,60,1,0
109019,-100,4,2,0,60,0,0
109672,337.078681288979,4,2,0,60,1,0
109672,-133.333333333333,4,2,0,60,0,0
110688,337.26816,4,2,0,60,1,8
110688,-100,4,2,0,60,0,8
111023,337.078683487741,4,2,0,60,1,0
111023,-100,4,2,0,60,0,0
116085,336.70032,4,2,0,60,1,8
116085,-100,4,2,0,60,0,8
116421,336.70032,4,2,0,60,1,0
116421,-100,4,2,0,60,0,0
117262,-133.333333333333,4,2,0,60,0,0
117346,-133.333333333333,4,2,0,5,0,0
117431,-66.6666666666667,4,2,0,60,0,0
117683,-66.6666666666667,4,2,0,5,0,0
117767,342.465736147495,4,2,0,60,1,0
117767,-66.6666666666667,4,2,0,60,0,0
117852,-66.6666666666667,4,2,0,5,0,0
117938,-66.6666666666667,4,2,0,60,0,0
118195,-66.6666666666667,4,2,0,5,0,0
118280,-66.6666666666667,4,2,0,60,0,0
118708,-66.6666666666667,4,2,0,5,0,0
118794,-66.6666666666667,4,2,0,60,0,0
118880,-66.6666666666667,4,2,0,5,0,0
118965,-66.6666666666667,4,2,0,60,0,0
119137,333.889799937904,4,2,0,60,1,0
119137,-100,4,2,0,60,0,0
119220,-66.6666666666667,4,2,0,5,0,0
119303,-66.6666666666667,4,2,0,60,0,0
119470,-133.333333333333,4,2,0,60,0,0
119554,-133.333333333333,4,2,0,5,0,0
119637,-133.333333333333,4,2,0,60,0,0
119721,-133.333333333333,4,2,0,5,0,0
119804,-133.333333333333,4,2,0,60,0,0
120473,335.758237450066,4,2,0,70,1,1
120473,-133.333333333333,4,2,0,70,0,1
125511,338.0282,4,2,0,70,1,9
125511,-100,4,2,0,70,0,9
125849,337.83786,4,2,0,70,1,1
125849,-100,4,2,0,70,0,1
127200,328.587029926659,4,2,0,70,1,1
127528,337.078651685393,4,2,0,70,1,1
128202,320.855614973262,4,2,0,70,1,1
128526,358.851655671116,4,2,0,70,1,1
128526,-100,4,2,0,70,0,1
128705,-133.333333333333,4,2,0,70,0,1
129588,333.333333333333,4,2,0,70,1,9
129588,-100,4,2,0,70,0,9
129754,-66.6666666666667,4,2,0,70,0,1
129922,333.333333333333,4,2,0,70,1,1
131255,-133.333333333333,4,2,0,60,0,0
131922,341.880341880342,4,2,0,60,1,0
131922,-133.333333333333,4,2,0,60,0,0
133280,337.07867,4,2,0,60,1,8
133280,-100,4,2,0,60,0,8
133617,-133.333333333333,4,2,0,60,0,8
133954,336.88934,4,2,0,60,1,0
133954,-133.333333333333,4,2,0,60,0,0
139008,337.07867,4,2,0,60,1,8
139008,-100,4,2,0,60,0,8
139345,337.07867,4,2,0,60,1,0
139345,-133.333333333333,4,2,0,60,0,0
143642,-133.333333333333,4,2,0,5,0,0
143727,-133.333333333333,4,2,0,60,0,0
146339,-133.333333333333,4,2,0,5,0,0
146423,-133.333333333333,4,2,0,60,0,0
150130,340.71552126731,4,2,0,60,1,0
150130,-200,4,2,0,60,0,0
152842,332.225931412334,4,2,0,70,1,0
152842,-100,4,2,0,70,0,0
153842,335.75827,4,2,0,70,1,8
153842,-100,4,2,0,70,0,8
154172,335.94623,4,2,0,70,1,0
154172,-100,4,2,0,70,0,0
155838,347.624545553413,4,2,0,70,1,8
155838,-100,4,2,0,70,0,8
156528,337.64774,4,2,0,70,1,8
156528,-100,4,2,0,70,0,8
156865,337.457836873391,4,2,0,70,1,0
156865,-100,4,2,0,70,0,0
157708,-133.333333333333,4,2,0,60,0,0
158222,336.700355715296,4,2,0,80,1,1
158222,-76.9230769230769,4,2,0,80,0,1
163276,339.366516043027,4,2,0,80,1,9
163276,-76.9230769230769,4,2,0,80,0,9
163616,335.758254258647,4,2,0,80,1,1
163616,-76.9230769230769,4,2,0,80,0,1
168648,345.02588,4,2,0,80,1,9
168648,-100,4,2,0,80,0,9
168906,-76.9230769230769,4,2,0,80,0,0
168993,344.6295,4,2,0,80,1,1
168993,-76.9230769230769,4,2,0,80,0,1
170027,337.07867,4,2,0,80,1,9
170027,-100,4,2,0,80,0,9
170195,-76.9230769230769,4,2,0,80,0,9
170362,336.13447199366,4,2,0,80,1,1
170362,-100,4,2,0,80,0,1
170698,-76.9230769230769,4,2,0,80,0,1
171706,337.268146497091,4,2,0,80,1,1
171706,-76.9230769230769,4,2,0,80,0,1
174071,337.07867,4,2,0,80,1,9
174071,-76.9230769230769,4,2,0,80,0,9
174408,336.5115,4,2,0,80,1,1
174408,-76.9230769230769,4,2,0,80,0,1
179792,-100,4,2,0,80,0,0
180475,328.587029926659,4,2,0,80,1,8
180802,335.57047,4,2,0,80,1,8
180802,-100,4,2,0,80,0,8
181137,337.647721081727,4,2,0,80,1,0
181137,-100,4,2,0,80,0,0
182487,338.600451672263,4,2,0,80,1,0
182487,-100,4,2,0,80,0,0
183500,340.522134146034,4,2,0,80,1,0
183500,-100,4,2,0,80,0,0
184829,340.13608,4,2,0,80,1,8
184829,-100,4,2,0,80,0,8
185169,340.715497859522,4,2,0,80,1,0
185169,-100,4,2,0,80,0,0
187213,336.889383393308,4,2,0,80,1,0
187213,-100,4,2,0,80,0,0
188223,-100,4,2,0,80,0,8
188236,337.4578,4,2,0,80,1,8
188236,-100,4,2,0,80,0,8
189243,337.26816,4,2,0,80,1,0
189243,-100,4,2,0,80,0,0
190580,345.025896129156,4,2,0,80,1,8
190580,-100,4,2,0,80,0,8
191267,337.07867,4,2,0,80,1,8
191267,-100,4,2,0,80,0,8
191937,340.909109642304,4,2,0,80,1,0
191937,-100,4,2,0,80,0,0
193288,337.07867,4,2,0,80,1,0
193288,-100,4,2,0,80,0,0
201377,-83.3333333333333,4,2,0,80,0,0
206097,331.491730419706,4,2,0,80,1,8
206097,-83.3333333333333,4,2,0,80,0,8
206760,337.07867,4,2,0,80,1,0
206760,-100,4,2,0,80,0,0
208445,-83.3333333333333,4,2,0,80,0,0
209962,337.078651685393,4,2,0,80,1,0
209962,-100,4,2,0,80,0,0
210130,-83.3333333333333,4,2,0,60,0,0
212153,-83.3333333333333,4,2,0,40,0,0
214849,-83.3333333333333,4,2,0,20,0,0
217546,-83.3333333333333,4,2,0,5,0,0


[Colours]
Combo1 : 82,197,151
Combo2 : 241,130,97
Combo3 : 250,177,80

[HitObjects]
338,372,1488,5,0,1:2:0:0:
338,372,1830,6,0,P|354:262|360:232,1,96,4|4,1:1|0:3,0:2:0:0:
219,27,2167,2,0,P|203:137|197:167,1,96,0|4,1:2|0:3,0:2:0:0:
103,199,2504,5,0,1:2:0:0:
332,135,2672,1,4,0:3:0:0:
332,135,2841,1,4,0:3:0:0:
69,84,3009,5,0,1:2:0:0:
266,226,3178,1,4,0:3:0:0:
266,226,3346,1,4,0:3:0:0:
334,48,3515,5,0,1:2:0:0:
509,244,3683,1,4,0:3:0:0:
295,346,3852,1,0,1:2:0:0:
295,346,4021,1,4,0:3:0:0:
459,141,4189,5,0,1:2:0:0:
352,277,4358,1,0,3:2:0:0:
352,277,4442,1,0,3:2:0:0:
352,277,4526,2,0,P|409:291|463:309,1,96,4|4,0:3|0:3,0:2:0:0:
122,142,4862,2,0,P|179:128|233:110,1,96,0|4,1:2|0:3,0:2:0:0:
372,68,5199,5,0,1:2:0:0:
155,257,5367,1,4,0:3:0:0:
155,257,5535,1,4,0:3:0:0:
181,25,5703,5,0,1:2:0:0:
265,214,5872,1,4,0:3:0:0:
265,214,6040,1,4,0:3:0:0:
42,195,6188,5,0,1:2:0:0:
229,373,6359,1,0,1:2:0:0:
229,373,6445,1,0,1:2:0:0:
229,373,6531,1,4,0:3:0:0:
268,346,6617,1,0,1:2:0:0:
289,303,6702,1,0,1:2:0:0:
289,256,6788,1,0,1:2:0:0:
265,214,6874,1,8,0:3:0:0:
267,199,6960,1,8,0:3:0:0:
278,190,7046,1,4,0:3:0:0:
292,189,7131,1,4,0:3:0:0:
303,197,7220,6,0,P|359:211|434:229,1,96,4|4,1:1|0:3,0:2:0:0:
58,323,7556,2,0,P|104:311|151:299,1,96,0|4,1:2|0:3,0:2:0:0:
382,109,7893,5,0,1:2:0:0:
267,342,8061,1,4,0:3:0:0:
267,342,8230,1,4,0:3:0:0:
118,53,8398,5,0,1:2:0:0:
232,263,8566,1,4,0:3:0:0:
232,263,8735,1,4,0:3:0:0:
297,54,8903,5,0,1:2:0:0:
107,244,9071,1,4,0:3:0:0:
37,0,9240,5,0,1:2:0:0:
175,199,9408,1,4,0:3:0:0:
377,29,9576,2,0,P|444:11|463:6,3,48,0|0|0|0,1:2|3:2|3:2|3:2,3:2:0:0:
365,43,9911,6,0,B|428:65|428:65|444:116|444:116|510:136,1,180,4|0,1:1|0:2,0:2:0:0:
505,148,10251,1,0,1:2:0:0:
334,360,10421,6,0,B|297:313|297:313|325:187,1,180,4|0,1:1|0:2,0:2:0:0:
346,183,10762,1,0,1:2:0:0:
183,0,10932,6,0,B|146:47|146:47|174:173,1,180,4|0,1:1|0:2,0:2:0:0:
195,177,11273,1,0,1:2:0:0:
5,383,11443,6,0,B|44:371|44:371|55:335|55:335|98:320,1,119.530133336899,4|0,1:1|0:2,0:2:0:0:
115,300,11780,5,4,0:3:0:0:
317,251,11946,1,4,0:3:0:0:
115,300,12113,5,4,0:3:0:0:
317,251,12265,1,4,0:3:0:0:
317,251,12600,5,4,1:1:0:0:
176,81,12770,1,4,0:3:0:0:
402,17,12940,2,0,P|386:77|383:107,1,80,0|4,1:2|0:3,0:2:0:0:
356,348,13280,5,0,1:2:0:0:
227,169,13450,1,4,0:3:0:0:
227,169,13620,1,4,0:3:0:0:
114,363,13790,5,0,1:2:0:0:
285,116,13949,1,4,0:3:0:0:
285,116,14120,1,4,0:3:0:0:
459,362,14292,5,0,1:2:0:0:
310,185,14464,1,4,0:3:0:0:
220,379,14636,5,0,1:2:0:0:
361,125,14808,1,4,0:3:0:0:
60,107,14983,1,0,1:2:0:0:
60,107,15315,6,0,P|106:92|141:78,1,80,4|4,1:1|0:3,0:2:0:0:
414,323,15649,2,0,P|376:308|338:296,1,80,0|4,1:2|0:3,0:2:0:0:
251,34,15983,5,0,1:2:0:0:
98,287,16150,1,4,0:3:0:0:
98,287,16317,1,4,0:3:0:0:
315,204,16484,2,0,P|381:221|494:257,1,160,0|4,1:2|0:3,0:2:0:0:
269,380,16985,5,0,1:2:0:0:
118,193,17152,1,4,0:3:0:0:
410,137,17316,1,0,1:2:0:0:
237,296,17482,5,0,1:3:0:0:
231,263,17566,1,0,1:3:0:0:
225,230,17654,1,8,0:3:0:0:
219,197,17734,1,8,0:3:0:0:
213,164,17814,1,4,0:3:0:0:
207,131,17894,1,4,0:3:0:0:
201,99,17988,6,0,L|117:75,1,80,4|4,1:1|0:3,0:2:0:0:
403,234,18331,2,0,L|319:258,1,80,4|4,1:1|0:3,0:2:0:0:
207,379,18674,5,0,1:2:0:0:
323,139,18846,1,4,0:3:0:0:
323,139,19016,1,4,0:3:0:0:
13,181,19183,2,0,B|75:203|75:203|88:242|88:242|145:262,1,160.477600021683,0|4,1:2|0:3,0:2:0:0:
278,67,19688,5,0,1:2:0:0:
212,298,19857,1,4,0:3:0:0:
139,17,20026,5,0,1:2:0:0:
273,243,20195,1,4,0:3:0:0:
363,0,20364,1,0,1:2:0:0:
512,138,20533,1,0,3:2:0:0:
512,138,20617,1,0,3:2:0:0:
512,138,20695,6,0,P|459:149|378:174,1,120,4|0,1:1|0:2,0:2:0:0:
180,113,21032,1,0,1:2:0:0:
389,272,21201,6,0,P|331:254|272:242,1,120,4|0,1:1|0:2,0:2:0:0:
242,40,21539,1,0,1:2:0:0:
160,380,21708,6,0,P|179:307|192:196,1,180,4|0,1:1|0:2,0:2:0:0:
174,192,22046,1,0,1:2:0:0:
481,290,22215,6,0,P|456:340|332:341,1,160,4|4,1:1|0:3,0:2:0:0:
281,177,22722,5,4,2:3:0:0:
306,249,22890,1,4,2:3:0:0:
356,191,23059,1,4,2:3:0:0:
356,191,23387,5,4,1:1:0:0:
233,358,23555,1,4,0:3:0:0:
151,113,23724,1,2,1:2:0:0:
350,318,23893,2,0,P|410:334|484:360,1,120,4|0,0:3|0:2,0:2:0:0:
512,289,24405,5,0,1:2:0:0:
505,265,25074,1,0,1:2:0:0:
498,242,25747,1,0,1:2:0:0:
323,196,26083,5,4,0:3:0:0:
382,142,26251,1,4,0:3:0:0:
294,31,26411,1,2,1:2:0:0:
173,129,26588,2,0,P|119:144|88:149,1,80,4|0,0:3|0:2,0:2:0:0:
0,258,26942,1,2,0:0:0:0:
0,258,27091,6,0,B|38:252|62:235|62:235|87:249|87:249|113:231|151:230,1,160,2|0,1:2|0:2,0:2:0:0:
228,219,27767,1,0,1:2:0:0:
251,213,28444,1,0,1:2:0:0:
292,144,28782,5,4,0:3:0:0:
297,286,28951,1,4,0:3:0:0:
170,215,29121,1,2,1:2:0:0:
364,210,29290,2,0,P|379:158|409:73,1,120,4|0,0:3|0:2,0:2:0:0:
455,37,29797,5,0,1:2:0:0:
435,23,30462,1,0,1:2:0:0:
411,21,31141,1,0,1:2:0:0:
328,69,31478,5,4,0:3:0:0:
445,205,31646,1,4,0:3:0:0:
273,241,31814,1,2,1:2:0:0:
344,156,31983,2,0,P|348:186|356:215,1,60.0000000000001,4|0,0:3|0:2,0:2:0:0:
221,303,32320,5,4,0:3:0:0:
18,218,32488,2,0,P|83:194|152:170,1,120,2|0,1:2|0:2,0:2:0:0:
193,225,32994,5,4,0:3:0:0:
25,131,33162,1,0,1:2:0:0:
192,39,33330,1,4,0:3:0:0:
192,39,33415,1,4,0:3:0:0:
192,39,33499,1,4,0:3:0:0:
155,107,33667,5,4,0:3:0:0:
361,167,33836,2,0,P|391:112|427:107,1,90.0000000000002,4|0,1:2|0:2,0:2:0:0:
413,106,34173,6,0,P|454:123|480:129,1,60.0000000000001,4|0,1:1|0:2,0:2:0:0:
371,41,34510,1,0,1:2:0:0:
437,207,34678,2,0,P|453:264|460:324,1,120,6|0,0:3|0:2,0:2:0:0:
408,379,35183,5,2,1:2:0:0:
280,274,35352,1,2,0:2:0:0:
369,258,35520,2,0,P|359:297|352:323,1,60.0000000000001,2|4,0:2|0:3,0:2:0:0:
225,383,35857,2,0,P|217:354|210:325,1,60.0000000000001,2|0,1:2|3:2,0:2:0:0:
210,324,36110,1,0,3:2:0:0:
210,324,36194,5,6,0:3:0:0:
75,220,36362,1,6,0:3:0:0:
234,156,36531,1,0,1:2:0:0:
234,156,36868,5,4,0:3:0:0:
107,35,37036,1,4,0:3:0:0:
295,85,37205,1,2,1:2:0:0:
169,238,37373,2,0,P|155:187|129:110,1,120,4|4,0:3|0:3,0:2:0:0:
197,79,37879,5,2,1:2:0:0:
63,160,38048,1,2,0:2:0:0:
229,151,38217,2,0,P|280:167|303:176,1,60.0000000000001,2|4,0:2|0:3,0:2:0:0:
108,295,38555,2,0,P|79:304|50:313,1,60.0000000000001,2|0,1:2|3:2,0:2:0:0:
50,313,38808,1,0,3:2:0:0:
50,313,38893,5,6,0:3:0:0:
261,379,39062,2,0,P|271:339|284:313,1,60.0000000000001,6|0,0:3|1:2,0:2:0:0:
348,285,39400,1,2,0:3:0:0:
287,76,39569,5,4,0:3:0:0:
210,286,39738,2,0,P|200:246|187:220,1,60.0000000000001,4|0,0:3|1:2,0:2:0:0:
461,132,40076,2,0,P|440:179|359:197,1,120,4|4,0:3|0:3,0:2:0:0:
311,160,40583,5,2,1:2:0:0:
468,268,40752,1,2,3:2:0:0:
468,268,40836,1,0,3:2:0:0:
468,268,40921,2,0,P|481:311|489:328,1,60.0000000000001,2|4,3:2|0:3,0:2:0:0:
380,121,41256,2,0,P|367:78|359:61,1,60.0000000000001,2|0,1:2|3:2,0:2:0:0:
360,64,41508,1,0,3:2:0:0:
360,64,41592,5,6,0:3:0:0:
312,235,41760,1,6,0:3:0:0:
156,89,41928,2,0,P|124:97|112:101,3,30.0000000000001,0|2|2|2,1:2|0:2|0:2|0:2,0:2:0:0:
220,159,42259,6,0,P|129:129|37:102,1,192,4|0,1:1|1:2,0:2:0:0:
402,250,42772,2,0,P|310:280|218:307,1,192,4|4,1:1|0:3,0:2:0:0:
324,361,43287,5,0,1:2:0:0:
310,191,43455,1,4,0:3:0:0:
310,191,43624,1,4,0:3:0:0:
107,229,43792,6,0,P|136:137|162:44,1,192,4|4,1:1|0:3,0:2:0:0:
84,22,44298,5,4,0:3:0:0:
84,22,44467,1,4,0:3:0:0:
169,293,44635,1,0,1:2:0:0:
169,293,44973,6,0,P|214:303|250:312,1,60.0000000000001,4|0,1:1|0:2,0:2:0:0:
287,365,45306,2,0,P|332:355|368:346,1,60.0000000000001,2|4,0:2|0:3,0:2:0:0:
348,167,45640,2,0,P|324:219|304:292,1,120,2|0,1:2|0:2,0:2:0:0:
388,285,46140,5,0,3:2:0:0:
256,169,46302,1,0,3:2:0:0:
419,208,46472,1,4,0:3:0:0:
419,208,46642,2,0,P|458:218|483:221,1,60.0000000000001,6|0,0:3|0:2,0:2:0:0:
231,251,46982,2,0,P|201:255|172:263,1,60.0000000000001,2|0,1:2|0:2,0:2:0:0:
112,213,47322,5,0,0:2:0:0:
208,70,47492,1,0,1:2:0:0:
208,70,47577,1,0,1:2:0:0:
208,70,47662,2,0,P|221:31|233:1,2,60.0000000000001,4|0|0,0:3|3:2|0:2,0:2:0:0:
249,139,48172,1,4,0:3:0:0:
26,118,48342,6,0,B|95:98|54:70|140:45,1,120,2|2,1:2|0:2,0:2:0:0:
169,188,48853,2,0,P|154:148|144:117,1,60.0000000000001,2|0,1:3|0:2,0:2:0:0:
244,145,49193,5,4,0:3:0:0:
80,192,49363,2,0,P|70:228|61:256,1,60.0000000000001,4|0,0:3|0:2,0:2:0:0:
31,125,49683,5,0,1:2:0:0:
142,270,49868,1,6,0:3:0:0:
366,153,50199,5,0,1:2:0:0:
366,153,50283,1,0,1:2:0:0:
366,153,50368,1,4,0:3:0:0:
430,206,50536,2,0,P|476:219|505:227,1,60.0000000000001,2|0,3:3|0:2,0:2:0:0:
354,237,50872,5,4,0:3:0:0:
426,6,51041,2,0,P|439:58|453:131,1,120,2|0,1:2|3:2,0:2:0:0:
292,192,51545,2,0,P|274:148|283:115,1,60.0000000000001,2|0,1:2|0:2,0:2:0:0:
335,83,51882,5,4,0:3:0:0:
335,83,52050,1,4,0:3:0:0:
275,278,52387,2,0,P|228:305|161:356,1,120,2|0,1:2|0:2,0:2:0:0:
104,377,52891,1,0,3:2:0:0:
104,377,52975,1,0,3:2:0:0:
104,377,53060,6,0,P|92:340|74:310,1,60.0000000000001,4|0,0:3|0:2,0:2:0:0:
146,270,53396,2,0,P|158:233|176:203,1,60.0000000000001,2|4,0:2|0:3,0:2:0:0:
42,78,53733,6,0,P|82:91|109:97,1,60.0000000000001,2|0,1:2|0:2,0:2:0:0:
312,20,54069,2,0,P|282:27|254:37,1,60.0000000000001,6|4,0:3|0:3,0:2:0:0:
76,179,54406,5,0,3:2:0:0:
158,14,54572,1,0,1:2:0:0:
299,152,54738,1,4,1:1:0:0:
189,110,54905,1,0,1:2:0:0:
189,110,54988,1,0,1:2:0:0:
189,110,55071,5,0,1:2:0:0:
334,236,55237,1,8,0:3:0:0:
147,238,55404,5,4,0:3:0:0:
163,384,55570,1,4,0:3:0:0:
0,334,55737,6,0,P|49:327|127:310,1,120,4|2,1:1|0:2,0:2:0:0:
194,308,56256,1,4,0:3:0:0:
265,125,56429,2,0,P|249:186|236:249,1,120,2|0,1:2|0:2,0:2:0:0:
337,367,56948,5,0,3:2:0:0:
337,367,57035,1,0,3:2:0:0:
337,367,57122,2,0,P|371:349|409:340,1,60.0000000000001,2|4,3:2|0:3,0:2:0:0:
469,370,57449,1,6,0:3:0:0:
350,271,57613,1,2,0:2:0:0:
487,290,57777,2,0,P|458:280|432:265,1,60.0000000000001,2|0,1:2|0:2,0:2:0:0:
371,143,58105,6,0,P|383:189|392:219,1,60.0000000000001,2|0,0:2|1:2,0:2:0:0:
386,200,58350,1,0,1:2:0:0:
386,200,58432,1,4,0:3:0:0:
289,123,58601,2,0,P|307:55|325:-12,1,120,0|4,1:2|0:3,0:2:0:0:
83,209,59109,6,0,P|95:163|104:133,1,60.0000000000001,6|0,1:2|0:2,0:2:0:0:
351,328,59448,1,4,1:1:0:0:
351,328,59617,2,0,P|339:282|330:252,1,60.0000000000001,4|2,0:3|0:2,0:2:0:0:
394,207,59956,1,8,0:3:0:0:
394,207,60041,1,8,0:3:0:0:
394,207,60125,5,4,0:3:0:0:
265,354,60295,1,4,0:3:0:0:
149,266,60464,5,4,0:3:0:0:
78,303,60634,1,4,0:3:0:0:
157,37,60802,6,0,P|189:43|209:105,1,90.0000000000002,0|0,1:2|0:2,0:2:0:0:
207,104,61140,5,4,0:3:0:0:
79,225,61309,1,4,0:3:0:0:
24,127,61479,2,0,P|98:145|174:166,1,120,2|0,1:2|0:2,0:2:0:0:
144,169,61818,5,4,0:3:0:0:
247,326,61988,1,4,0:3:0:0:
303,144,62158,1,2,1:2:0:0:
156,286,62327,2,0,B|68:300|116:356|16:376,1,160,4|4,0:3|0:3,0:2:0:0:
221,223,62836,2,0,P|265:236|300:241,1,80,2|0,1:2|3:2,0:2:0:0:
298,240,63091,1,0,3:2:0:0:
298,240,63176,5,4,0:3:0:0:
151,169,63345,1,4,0:3:0:0:
231,0,63498,2,0,P|245:57|252:84,1,80,2|0,1:2|0:2,0:2:0:0:
269,154,63838,1,4,1:1:0:0:
355,370,64007,5,0,3:2:0:0:
355,370,64092,1,0,3:2:0:0:
355,370,64177,2,0,P|368:336|374:322,1,40,4|0,3:3|3:2,3:2:0:0:
162,295,64347,1,0,3:2:0:0:
162,295,64431,1,0,3:2:0:0:
162,295,64516,2,0,P|149:261|143:247,1,40,4|0,3:3|3:2,3:2:0:0:
361,210,64686,5,0,3:2:0:0:
400,213,64771,1,0,3:2:0:0:
436,196,64856,1,0,3:2:0:0:
458,164,64940,1,0,3:2:0:0:
461,124,65025,2,0,P|438:118|415:108,1,40,4|0,3:3|3:2,3:2:0:0:
211,105,65195,5,0,3:2:0:0:
172,108,65280,1,0,3:2:0:0:
136,91,65365,1,0,3:2:0:0:
114,59,65449,1,0,3:2:0:0:
111,19,65534,2,0,P|134:13|157:3,1,40,4|0,3:3|3:2,3:2:0:0:
322,16,65704,5,0,3:2:0:0:
311,46,65789,1,0,3:2:0:0:
304,79,65868,1,0,3:2:0:0:
149,331,66033,5,0,1:2:0:0:
177,304,66115,1,0,1:2:0:0:
217,277,66198,1,0,1:2:0:0:
267,253,66280,1,0,1:2:0:0:
330,224,66363,1,0,1:2:0:0:
399,203,66445,1,0,1:2:0:0:
472,188,66533,6,0,P|490:115|509:53,1,104,4|0,1:1|0:2,0:2:0:0:
265,266,66871,2,0,P|281:323|295:381,1,104,2|0,1:2|0:2,0:2:0:0:
373,380,67209,5,4,0:3:0:0:
193,217,67378,1,4,0:3:0:0:
357,121,67547,1,2,1:2:0:0:
190,327,67716,2,0,P|97:293|-31:268,1,208,4|4,0:3|0:3,0:2:0:0:
248,141,68224,2,0,P|212:72|197:39,1,104,2|0,1:2|3:2,0:2:0:0:
201,48,68477,1,0,3:2:0:0:
201,48,68562,5,4,0:3:0:0:
348,139,68731,1,4,0:3:0:0:
109,169,68900,2,0,P|34:145|0:132,1,104,2|0,1:2|0:2,0:2:0:0:
258,384,69243,6,0,B|272:319|272:319|253:288|253:288|264:226,1,156,4|0,0:3|0:2,0:2:0:0:
284,246,69571,2,0,P|342:228|400:213,1,104,0|0,1:2|0:2,0:2:0:0:
202,189,69899,5,4,0:3:0:0:
366,311,70069,1,4,0:3:0:0:
437,141,70240,2,0,P|446:89|460:39,1,104,2|0,1:2|0:2,0:2:0:0:
263,135,70582,5,4,0:3:0:0:
466,228,70752,1,4,0:3:0:0:
225,308,70923,1,0,1:2:0:0:
352,103,71093,5,0,1:2:0:0:
352,103,71178,1,0,1:2:0:0:
352,103,71264,1,4,0:3:0:0:
266,239,71434,1,4,0:3:0:0:
123,80,71605,2,0,P|72:63|10:43,1,104,2|0,1:2|0:2,0:2:0:0:
0,247,71942,6,0,P|54:231|196:173,1,208,4|0,0:3|1:2,2:2:0:0:
377,262,72435,1,0,3:2:0:0:
377,262,72517,1,0,3:2:0:0:
377,262,72600,2,0,P|361:326|355:370,1,104,4|4,0:3|0:3,0:2:0:0:
73,187,72940,5,2,1:2:0:0:
267,247,73110,2,0,P|293:194|206:81,1,206.776960116437,6|4,0:3|0:3,0:2:0:0:
90,323,73616,2,0,P|153:295|199:284,1,104,2|0,1:2|0:2,0:2:0:0:
380,160,73952,5,4,0:3:0:0:
263,343,74120,1,4,0:3:0:0:
134,108,74288,2,0,P|170:171|190:214,1,104,2|0,1:2|0:2,0:2:0:0:
352,372,74625,6,0,P|383:302|499:302,1,156,4|0,1:1|0:2,0:2:0:0:
470,295,74961,1,0,1:2:0:0:
311,251,75129,5,4,0:3:0:0:
306,235,75213,1,4,0:3:0:0:
301,220,75297,1,4,0:3:0:0:
365,176,75466,1,4,0:3:0:0:
235,81,75634,5,0,1:2:0:0:
154,153,75802,1,4,0:3:0:0:
159,137,75886,1,4,0:3:0:0:
164,122,75970,1,4,0:3:0:0:
114,60,76138,1,4,0:3:0:0:
233,169,76306,5,0,1:2:0:0:
58,170,76475,1,8,0:3:0:0:
16,200,76559,1,8,0:3:0:0:
29,247,76643,1,8,0:3:0:0:
320,379,76811,5,0,1:2:0:0:
299,340,76895,1,0,1:2:0:0:
272,307,76979,1,0,1:2:0:0:
239,279,77063,1,0,1:2:0:0:
201,258,77147,1,0,1:2:0:0:
160,244,77231,1,0,1:2:0:0:
117,238,77315,6,0,P|207:223|334:188,1,208,4|0,1:1|1:2,0:2:0:0:
421,192,77820,1,0,3:2:0:0:
421,192,77904,1,0,3:2:0:0:
421,192,77988,2,0,P|403:255|381:300,1,104,6|4,0:3|0:3,0:2:0:0:
205,141,78346,5,2,1:2:0:0:
13,229,78525,2,0,P|42:301|66:376,1,139.17071454722,4|0,0:3|0:2,0:2:0:0:
54,383,78848,1,4,0:3:0:0:
271,335,79016,2,0,P|209:321|150:306,1,104,2|0,1:2|0:2,0:2:0:0:
125,213,79352,1,4,0:3:0:0:
125,213,79520,1,4,0:3:0:0:
372,124,79688,2,0,P|422:111|473:100,1,104,2|0,1:2|0:2,0:2:0:0:
157,18,80014,6,0,P|251:45|252:153,1,208,4|2,0:3|1:2,0:2:0:0:
169,311,80515,1,0,3:2:0:0:
169,311,80598,1,0,3:2:0:0:
169,311,80682,5,4,0:3:0:0:
71,115,80849,1,4,0:3:0:0:
319,203,81027,1,2,1:2:0:0:
86,283,81208,5,4,0:3:0:0:
278,380,81388,1,2,0:3:0:0:
225,237,81553,1,4,0:3:0:0:
112,382,81719,6,0,P|48:362|-1:351,1,104,0|0,1:2|3:2,0:2:0:0:
13,354,81967,1,0,3:2:0:0:
13,354,82050,1,4,0:3:0:0:
185,315,82216,1,4,0:3:0:0:
56,96,82381,2,0,P|80:159|92:202,1,104,2|0,1:2|0:2,0:2:0:0:
269,373,82720,6,0,P|298:298|432:257,1,208,4|0,0:3|1:2,0:2:0:0:
502,114,83225,1,0,3:2:0:0:
502,114,83309,1,0,3:2:0:0:
502,114,83393,2,0,P|440:102|390:74,1,104,4|4,0:3|0:3,0:2:0:0:
249,201,83730,5,2,1:2:0:0:
271,0,83898,2,0,P|289:66|329:165,1,156,4|0,0:3|0:2,0:2:0:0:
343,172,84235,1,4,0:3:0:0:
126,273,84403,2,0,P|157:194|163:156,1,104,2|0,1:2|3:2,0:2:0:0:
160,165,84656,1,0,3:2:0:0:
160,156,84740,6,0,P|103:133|53:119,1,104,4|4,0:3|0:3,0:2:0:0:
443,248,85076,2,0,P|386:270|336:284,1,104,4|0,1:1|0:2,0:2:0:0:
246,375,85413,5,4,0:3:0:0:
246,375,85581,1,4,0:3:0:0:
339,196,85750,1,0,1:2:0:0:
122,253,85918,5,4,0:3:0:0:
124,263,86002,1,4,0:3:0:0:
126,273,86087,1,4,0:3:0:0:
199,304,86255,1,4,0:3:0:0:
254,248,86423,1,0,1:2:0:0:
339,196,86592,5,4,0:3:0:0:
341,186,86676,1,4,0:3:0:0:
343,176,86760,1,4,0:3:0:0:
416,145,86928,1,4,0:3:0:0:
471,201,87097,1,0,1:2:0:0:
253,130,87265,5,4,0:3:0:0:
251,119,87349,1,4,0:3:0:0:
249,108,87433,1,4,0:3:0:0:
161,150,87602,5,0,1:2:0:0:
151,202,87686,1,0,1:2:0:0:
118,224,87770,5,8,0:3:0:0:
126,265,87854,1,8,0:3:0:0:
160,298,87938,5,4,0:3:0:0:
153,330,88023,1,4,0:3:0:0:
114,369,88107,6,0,B|20:341|20:341|19:271,1,156,4|0,1:1|0:2,0:2:0:0:
19,262,88443,1,0,1:2:0:0:
228,242,88612,2,0,B|273:236|273:236|298:255|298:255|351:252,1,120,4|4,1:1|0:3,0:2:0:0:
409,204,89126,5,2,1:2:0:0:
333,180,89294,1,2,3:2:0:0:
414,283,89458,1,2,3:2:0:0:
389,126,89626,1,0,3:2:0:0:
228,242,89795,2,0,P|216:289|214:314,1,60.0000000000001,2|0,1:2|3:2,0:2:0:0:
214,300,90048,1,0,3:2:0:0:
214,300,90133,5,4,0:3:0:0:
276,373,90302,1,4,0:3:0:0:
133,269,90470,2,0,P|97:283|38:297,1,90.0000000000002,2|0,1:2|0:2,0:2:0:0:
41,304,90808,6,0,P|29:257|16:217,1,80,4|0,0:3|0:2,0:2:0:0:
156,364,91146,1,0,1:2:0:0:
298,271,91315,2,0,B|366:261|334:230|416:216,1,120,4|4,0:3|0:3,0:2:0:0:
419,300,91821,5,2,1:2:0:0:
300,186,91990,1,2,3:2:0:0:
300,186,92074,1,0,3:2:0:0:
300,186,92159,5,2,3:2:0:0:
373,150,92328,1,4,3:3:0:0:
218,119,92496,5,2,1:2:0:0:
244,41,92665,1,0,3:2:0:0:
121,126,92834,5,6,3:3:0:0:
84,52,93003,1,6,3:3:0:0:
15,212,93172,2,0,P|76:223|98:264,1,90.0000000000002,0|0,1:2|0:2,0:2:0:0:
95,252,93509,6,0,P|79:293|68:335,1,80,4|0,0:3|0:2,0:2:0:0:
128,140,93847,1,0,1:2:0:0:
335,251,94016,2,0,B|286:270|286:270|280:287|280:287|220:313,1,120,4|4,0:3|0:3,0:2:0:0:
214,226,94522,5,2,1:2:0:0:
355,340,94691,1,2,3:2:0:0:
355,340,94775,1,0,3:2:0:0:
355,340,94860,1,2,3:2:0:0:
407,280,95029,1,0,3:2:0:0:
301,127,95198,2,2,P|293:173|286:203,1,60.0000000000001,0|0,1:2|3:2,0:2:0:0:
290,185,95451,1,0,3:2:0:0:
290,185,95535,5,4,0:3:0:0:
387,127,95704,1,4,0:3:0:0:
244,0,95873,2,0,P|233:60|224:99,1,90.0000000000002,2|0,1:2|0:2,0:2:0:0:
225,100,96210,6,0,P|174:116|133:128,1,80,4|4,0:3|0:3,0:2:0:0:
319,55,96548,1,2,1:3:0:0:
105,197,96717,2,0,P|63:155|68:97,1,120,4|4,0:3|0:3,0:2:0:0:
128,47,97227,5,2,1:3:0:0:
297,205,97395,2,0,B|340:225|340:225|355:259|355:259|399:281,1,119.643004584241,4|4,0:3|0:3,0:2:0:0:
413,196,97898,5,2,1:3:0:0:
153,376,98066,2,0,B|206:351|206:351|225:308|225:308|280:281,1,160,4|4,0:3|0:3,0:2:0:0:
181,113,98569,5,0,1:2:0:0:
181,113,98653,1,0,1:2:0:0:
181,113,98737,1,4,0:3:0:0:
403,177,98905,1,0,1:2:0:0:
443,171,98989,1,0,1:2:0:0:
477,151,99073,1,8,0:3:0:0:
501,119,99156,1,8,0:3:0:0:
512,81,99240,1,4,0:3:0:0:
507,41,99324,1,4,0:3:0:0:
488,7,99408,6,0,B|391:21|447:72|342:84,1,160,4|4,1:1|0:3,0:2:0:0:
285,41,99911,1,0,1:2:0:0:
285,41,100079,5,6,0:3:0:0:
208,247,100247,1,2,0:2:0:0:
56,83,100415,1,6,0:3:0:0:
56,83,100583,1,0,1:2:0:0:
307,158,100750,5,6,0:3:0:0:
73,213,100918,1,2,0:2:0:0:
163,7,101086,1,6,0:3:0:0:
163,7,101255,1,0,1:2:0:0:
191,111,101424,5,0,3:2:0:0:
191,111,101508,1,0,3:2:0:0:
191,111,101593,2,0,P|176:165|174:184,1,40,6|0,0:3|0:2,0:2:0:0:
352,275,101762,2,0,P|367:221|369:202,1,40,6|0,0:3|0:2,0:2:0:0:
439,197,101931,5,0,1:2:0:0:
278,384,102100,2,0,P|265:318|240:216,1,160,6|4,0:3|0:3,0:2:0:0:
305,172,102608,1,0,1:2:0:0:
168,294,102778,5,6,0:3:0:0:
362,359,102947,1,2,0:2:0:0:
155,378,103116,1,6,0:3:0:0:
155,378,103286,1,0,1:2:0:0:
90,321,103455,5,6,0:3:0:0:
332,244,103624,1,2,0:2:0:0:
117,182,103793,1,6,0:3:0:0:
117,182,103963,1,4,1:2:0:0:
327,19,104132,5,0,1:2:0:0:
327,19,104217,1,0,1:2:0:0:
327,19,104295,2,0,P|307:76|307:82,1,40,4|0,1:1|0:2,0:2:0:0:
204,261,104464,2,0,P|197:242|186:225,1,40,4|0,0:3|0:2,0:2:0:0:
33,168,104633,1,0,1:2:0:0:
198,342,104802,5,6,0:3:0:0:
259,183,104972,1,2,0:2:0:0:
188,35,105141,1,6,0:3:0:0:
188,35,105310,1,0,1:2:0:0:
302,294,105480,5,6,0:3:0:0:
345,182,105649,1,2,0:2:0:0:
295,79,105818,1,6,0:3:0:0:
295,79,105988,1,0,1:2:0:0:
435,265,106157,5,6,0:3:0:0:
465,186,106326,1,2,0:2:0:0:
430,114,106495,1,6,0:3:0:0:
262,163,106665,2,0,P|217:176|173:186,1,80,4|0,1:2|0:2,0:2:0:0:
350,384,107003,6,0,P|280:335|123:294,1,240,4|4,1:1|0:3,0:2:0:0:
512,152,107511,2,0,P|442:201|285:242,1,240,4|4,1:1|0:3,0:2:0:0:
283,384,108006,6,0,P|353:335|510:294,1,240.000014305116,4|4,1:1|0:3,0:2:0:0:
62,60,108522,2,0,P|132:109|289:150,1,240,4|4,1:1|0:3,0:2:0:0:
339,93,109019,5,0,1:2:0:0:
177,365,109182,1,0,1:2:0:0:
128,374,109263,1,0,1:2:0:0:
81,359,109345,1,4,1:3:0:0:
46,324,109426,1,0,1:2:0:0:
32,277,109508,1,0,1:2:0:0:
43,228,109589,1,0,1:2:0:0:
75,191,109672,6,0,P|112:212|148:222,1,60.0000000000001,4|0,1:1|0:2,0:2:0:0:
183,282,110009,5,0,1:2:0:0:
183,282,110346,1,0,1:2:0:0:
183,282,110688,1,0,1:2:0:0:
183,282,111023,1,0,1:2:0:0:
183,282,111360,1,0,1:2:0:0:
183,282,111697,1,0,1:2:0:0:
183,282,112034,1,0,1:2:0:0:
183,282,112371,1,0,1:2:0:0:
183,282,112708,1,0,1:2:0:0:
183,282,113045,1,0,1:2:0:0:
183,282,113382,1,0,1:2:0:0:
183,282,113719,1,0,1:2:0:0:
183,282,114056,1,0,1:2:0:0:
183,282,114393,1,0,1:2:0:0:
183,282,114730,1,0,1:2:0:0:
370,384,114899,5,4,0:3:0:0:
105,259,115067,1,4,1:1:0:0:
369,297,115236,1,0,1:2:0:0:
300,339,115405,5,0,1:2:0:0:
288,341,115573,1,0,3:2:0:0:
275,343,115742,1,0,1:2:0:0:
264,345,115910,1,0,3:2:0:0:
197,310,116085,5,2,1:2:0:0:
188,309,116253,1,2,3:2:0:0:
178,307,116421,1,0,1:2:0:0:
310,318,116589,5,2,3:2:0:0:
258,328,116757,1,2,1:2:0:0:
205,338,116926,1,2,3:2:0:0:
148,349,117094,1,2,1:2:0:0:
350,212,117262,6,0,L|341:254,1,30.0000000000001,4|0,0:3|0:2,0:2:0:0:
38,362,117431,2,0,B|57:294|57:294|100:275|100:275|125:213,1,180,4|0,1:2|0:2,0:2:0:0:
97,142,117767,6,0,B|53:155|53:155|97:165,1,60,6|0,0:3|0:2,0:2:0:0:
206,171,117938,2,0,B|274:148|274:148|255:131|255:131|162:160,1,180,6|0,1:1|0:2,0:2:0:0:
204,185,118280,1,4,0:3:0:0:
346,350,118451,6,0,B|250:319|250:319|231:281|231:281|183:265,1,180,2|0,1:2|0:2,0:2:0:0:
171,366,118794,2,0,L|242:347,1,60,4|0,1:1|0:2,0:2:0:0:
422,230,118965,6,0,B|418:224|435:188|435:188|332:224|332:224|333:241|324:262,1,179.299199964645,6|0,1:1|0:2,0:2:0:0:
317,256,119303,1,4,0:3:0:0:
235,81,119470,6,0,L|224:108,1,30.0000000000001,0|0,1:2|0:2,0:2:0:0:
236,187,119637,2,0,L|246:151,1,30.0000000000001,4|0,0:3|0:2,0:2:0:0:
313,110,119804,5,4,1:3:0:0:
160,154,119971,1,4,0:3:0:0:
313,110,120138,5,4,0:3:0:0:
160,154,120305,1,4,0:3:0:0:
266,269,120473,5,4,1:1:0:0:
209,12,120640,1,6,0:3:0:0:
461,170,120808,5,0,1:2:0:0:
383,148,120976,1,0,3:2:0:0:
456,179,121144,5,0,1:2:0:0:
387,138,121312,1,4,3:3:0:0:
189,219,121480,5,2,1:2:0:0:
453,83,121648,1,6,0:3:0:0:
453,83,121816,1,0,1:2:0:0:
166,136,121983,5,0,3:2:0:0:
281,191,122151,1,2,1:2:0:0:
140,62,122319,5,4,3:3:0:0:
257,266,122487,1,2,1:2:0:0:
194,9,122655,5,4,3:3:0:0:
184,299,122823,1,2,1:2:0:0:
272,9,122991,5,4,3:3:0:0:
113,268,123159,1,4,1:1:0:0:
417,259,123326,1,4,0:3:0:0:
113,142,123494,5,0,1:2:0:0:
43,183,123662,1,0,3:2:0:0:
117,151,123830,5,0,1:2:0:0:
39,173,123998,1,4,3:3:0:0:
266,284,124166,5,2,1:2:0:0:
47,89,124334,1,6,3:3:0:0:
47,89,124502,1,0,1:2:0:0:
240,359,124669,5,0,3:2:0:0:
261,270,124837,1,2,1:2:0:0:
158,362,125005,5,4,3:3:0:0:
343,267,125173,1,2,1:2:0:0:
87,325,125341,5,4,3:3:0:0:
414,304,125511,1,2,1:2:0:0:
52,256,125680,5,4,0:3:0:0:
449,373,125849,1,4,1:1:0:0:
326,41,126017,1,4,0:3:0:0:
297,225,126186,5,0,1:2:0:0:
270,154,126355,1,0,3:2:0:0:
290,225,126524,5,0,1:2:0:0:
282,150,126693,1,4,3:3:0:0:
465,170,126862,5,2,1:2:0:0:
136,219,127031,1,6,3:3:0:0:
136,219,127200,1,0,1:2:0:0:
260,68,127364,5,0,3:3:0:0:
105,125,127528,1,2,1:2:0:0:
334,90,127696,5,4,0:3:0:0:
31,103,127865,1,2,1:2:0:0:
363,161,128033,5,4,0:3:0:0:
2,32,128202,1,4,1:1:0:0:
2,32,128526,5,4,1:1:0:0:
196,164,128705,2,0,P|182:109|167:27,1,120,4|4,1:1|0:3,0:2:0:0:
238,7,129243,5,0,1:2:0:0:
112,194,129423,1,4,0:3:0:0:
112,194,129512,1,4,0:3:0:0:
112,194,129588,1,4,0:3:0:0:
333,180,129754,2,0,P|274:187|138:318,1,240.72,4|4,1:1|0:3,0:2:0:0:
315,377,130255,5,0,1:2:0:0:
69,271,130422,1,0,1:2:0:0:
69,271,130505,1,0,1:2:0:0:
69,271,130588,5,0,1:2:0:0:
223,329,130755,1,8,0:3:0:0:
261,105,130922,5,4,0:3:0:0:
302,269,131088,1,4,0:3:0:0:
457,117,131255,6,0,P|424:180|393:292,1,180,4|4,1:1|0:3,0:2:0:0:
415,365,131922,2,0,P|463:353|497:348,1,60.0000000000001,6|0,1:2|0:2,0:2:0:0:
302,269,132263,5,0,3:2:0:0:
315,142,132434,2,0,P|331:184|337:204,1,60.0000000000001,0|0,3:2|0:2,0:2:0:0:
480,273,132776,5,4,0:3:0:0:
247,199,132947,2,0,P|200:188|173:182,1,60.0000000000001,4|0,0:3|0:2,0:2:0:0:
139,119,133280,5,2,1:2:0:0:
302,269,133448,1,0,0:2:0:0:
127,371,133617,2,0,P|117:330|104:297,1,60.0000000000001,0|0,0:2|3:2,0:2:0:0:
108,307,133869,1,0,3:2:0:0:
104,301,133954,2,0,P|46:280|30:218,1,120,4|0,0:3|0:2,0:2:0:0:
5,351,134459,5,4,0:3:0:0:
172,204,134627,2,0,P|128:218|109:223,1,60.0000000000001,2|0,1:2|0:2,0:2:0:0:
62,162,134964,5,4,0:3:0:0:
226,269,135133,1,0,1:2:0:0:
226,269,135470,5,4,0:3:0:0:
354,133,135638,2,0,P|368:88|377:69,1,60.0000000000001,4|0,0:3|0:2,0:2:0:0:
319,13,135975,5,2,1:2:0:0:
428,171,136143,1,4,0:3:0:0:
239,187,136312,5,0,3:2:0:0:
226,269,136480,1,0,1:2:0:0:
226,269,136564,1,0,1:2:0:0:
226,269,136649,1,0,1:1:0:0:
364,346,136817,6,0,P|403:359|429:367,1,60.0000000000001,0|0,1:2|0:2,0:2:0:0:
484,312,137154,1,4,0:3:0:0:
338,195,137322,6,0,P|326:149|298:68,1,120,6|0,1:2|0:2,0:2:0:0:
427,213,137828,2,0,P|410:258|405:281,1,60.0000000000001,0|0,1:2|0:2,0:2:0:0:
404,133,138165,5,4,0:3:0:0:
404,133,138333,1,4,0:3:0:0:
210,235,138670,2,0,P|269:252|337:298,1,120.712404679107,2|0,1:2|0:2,0:2:0:0:
166,361,139176,1,0,1:2:0:0:
166,361,139260,1,0,1:2:0:0:
166,361,139345,6,0,P|158:322|151:294,1,60.0000000000001,4|0,1:1|0:2,0:2:0:0:
344,214,139682,2,0,P|338:243|331:272,1,60.0000000000001,6|0,0:2|0:2,0:2:0:0:
74,195,140019,6,0,P|123:217|150:227,1,60.0000000000001,6|0,1:2|0:2,0:2:0:0:
449,117,140356,2,0,P|421:128|394:141,1,60.0000000000001,6|0,0:2|0:2,0:2:0:0:
145,123,140693,5,4,0:3:0:0:
145,123,140805,2,0,P|123:77|116:65,1,40.000001525879,0|0,1:2|1:2,1:2:0:0:
372,54,141030,5,8,0:3:0:0:
372,54,141142,2,8,P|394:8|401:-4,1,40.000001525879,8|8,0:3|0:3,0:3:0:0:
254,80,141367,5,8,0:3:0:0:
296,120,141479,1,8,0:3:0:0:
276,176,141592,1,8,0:3:0:0:
236,219,141704,5,4,0:3:0:0:
222,258,141816,1,4,0:3:0:0:
251,286,141929,1,4,0:3:0:0:
253,363,142041,5,4,1:1:0:0:
385,253,142210,2,0,P|343:247|309:238,1,60.0000000000001,2|0,0:3|0:2,0:2:0:0:
260,372,142547,5,4,0:3:0:0:
504,221,142715,2,0,P|450:243|383:272,1,120,4|2,1:2|0:2,0:2:0:0:
358,384,143221,2,0,P|341:340|327:314,1,60.0000000000001,0|0,1:2|0:2,0:2:0:0:
303,128,143558,6,4,P|290:164|288:176,1,30.0000000000001,0|0,0:2|0:2,0:3:0:0:
314,242,143727,2,0,P|263:232|221:218,1,90.0000000000002,4|0,0:3|0:2,0:2:0:0:
219,207,144064,5,2,1:2:0:0:
378,169,144232,1,0,3:2:0:0:
265,56,144401,1,0,3:2:0:0:
289,143,144569,5,0,1:2:0:0:
289,143,144653,1,0,1:2:0:0:
289,143,144738,1,4,0:3:0:0:
289,143,145243,5,4,0:3:0:0:
79,256,145412,2,0,P|71:204|42:126,1,120,0|6,1:2|0:3,0:2:0:0:
146,313,145918,2,0,P|161:273|173:254,1,60.0000000000001,0|0,1:2|0:2,0:2:0:0:
44,347,146255,6,0,P|76:332|91:323,1,30.0000000000001,4|0,0:3|0:2,0:2:0:0:
193,179,146423,2,0,P|232:200|248:261,1,90.0000000000002,4|0,0:3|0:2,0:2:0:0:
249,257,146760,5,2,1:2:0:0:
114,181,146929,1,4,0:3:0:0:
239,109,147097,1,0,1:2:0:0:
329,293,147266,1,4,0:3:0:0:
329,293,147350,1,4,0:3:0:0:
329,293,147434,5,4,1:1:0:0:
498,168,147603,2,0,P|456:176|425:186,1,60.0000000000001,2|0,1:2|0:2,0:2:0:0:
384,235,147940,5,4,0:3:0:0:
296,0,148109,2,0,P|309:41|326:123,1,120,2|0,1:2|3:2,0:2:0:0:
325,116,148783,1,2,0:2:0:0:
465,259,148951,5,4,0:3:0:0:
398,47,149120,1,4,0:3:0:0:
227,201,149288,1,0,1:2:0:0:
227,201,149373,1,0,1:2:0:0:
227,201,149457,1,0,1:2:0:0:
153,74,149625,5,8,0:3:0:0:
340,231,149794,2,0,P|325:273|307:340,1,90.0000000000002,4|0,0:3|0:2,0:2:0:0:
310,333,150130,6,0,P|233:357|171:380,1,140,4|0,1:1|0:2,0:2:0:0:
423,358,150811,2,0,P|346:333|284:311,1,140,4|0,1:1|0:2,0:2:0:0:
399,250,151492,6,0,P|322:274|260:297,1,140,4|0,1:1|0:2,0:2:0:0:
512,275,152174,2,0,P|435:250|373:228,1,140,4|0,1:1|0:2,0:2:0:0:
302,238,152842,6,0,P|286:183|282:176,1,40,0|0,1:2|3:2,3:2:0:0:
365,108,153008,1,0,3:2:0:0:
365,108,153091,1,0,3:2:0:0:
365,108,153174,2,0,P|349:163|345:170,1,40,4|0,3:3|3:2,3:2:0:0:
263,315,153340,5,0,1:2:0:0:
243,318,153423,1,0,3:2:0:0:
223,322,153506,1,0,3:2:0:0:
204,326,153589,1,0,3:2:0:0:
184,330,153672,1,0,3:2:0:0:
164,334,153755,1,0,3:2:0:0:
145,338,153842,1,0,1:2:0:0:
125,342,153925,1,0,3:2:0:0:
106,345,154009,1,0,3:2:0:0:
86,349,154093,1,0,3:2:0:0:
66,353,154172,1,4,3:3:0:0:
47,357,154255,1,0,3:2:0:0:
27,361,154339,6,0,L|42:306,1,40,0|0,1:2|3:2,3:2:0:0:
71,247,154507,1,4,3:3:0:0:
90,251,154591,1,0,3:2:0:0:
110,255,154675,1,0,3:2:0:0:
130,259,154759,1,0,3:2:0:0:
150,263,154843,6,0,L|135:208,1,40,0|0,1:2|3:2,3:2:0:0:
213,310,155011,1,0,3:2:0:0:
233,306,155095,1,0,3:2:0:0:
253,303,155179,2,0,L|238:358,3,40,4|0|0|0,3:3|3:2|3:2|3:2,3:2:0:0:
351,362,155515,5,4,3:3:0:0:
387,376,155599,1,0,3:2:0:0:
427,375,155683,1,0,3:2:0:0:
463,359,155767,1,0,3:2:0:0:
490,330,155838,1,4,3:3:0:0:
504,292,155924,1,0,3:2:0:0:
504,251,156011,5,0,1:2:0:0:
466,264,156098,1,0,3:2:0:0:
426,261,156185,1,4,3:3:0:0:
391,243,156272,1,0,3:2:0:0:
355,224,156359,1,0,3:2:0:0:
316,222,156446,1,0,3:2:0:0:
278,235,156528,5,4,3:3:0:0:
228,217,156612,1,0,3:2:0:0:
192,178,156696,1,0,3:2:0:0:
177,127,156781,1,0,3:2:0:0:
187,76,156865,1,4,3:3:0:0:
219,34,156949,1,0,3:2:0:0:
271,21,157033,5,2,1:3:0:0:
347,40,157118,1,2,1:3:0:0:
398,100,157202,1,2,1:3:0:0:
405,178,157286,1,2,1:3:0:0:
366,247,157371,1,2,1:3:0:0:
294,280,157455,1,2,1:3:0:0:
43,92,157708,6,0,B|9:93|-12:124|-12:124|-2:69|53:65,1,150,4|0,0:3|0:2,0:2:0:0:
40,48,158222,6,0,B|139:70|62:122|189:139,1,156,4|0,1:1|0:2,0:2:0:0:
173,126,158558,2,0,P|222:111|273:102,1,104,0|0,1:2|0:2,0:2:0:0:
185,36,158895,5,4,0:3:0:0:
345,159,159063,1,4,0:3:0:0:
288,23,159232,1,2,1:2:0:0:
267,200,159400,2,0,P|244:273|229:360,1,156,4|0,0:3|0:2,0:2:0:0:
236,366,159737,1,4,0:3:0:0:
54,264,159905,2,0,P|123:251|177:232,1,104,2|0,1:2|3:2,0:2:0:0:
155,240,160158,1,0,3:2:0:0:
155,240,160242,5,4,0:3:0:0:
43,350,160410,1,4,0:3:0:0:
238,173,160578,2,0,P|254:238|267:282,1,104,2|0,1:2|0:2,0:2:0:0:
496,95,160915,6,0,P|436:110|330:7,1,208,4|0,0:3|1:2,0:2:0:0:
476,200,161420,1,0,3:2:0:0:
476,200,161504,1,0,3:2:0:0:
476,200,161589,1,4,0:3:0:0:
428,22,161757,1,4,0:3:0:0:
335,196,161925,1,2,1:2:0:0:
143,62,162094,6,0,B|90:83|90:83|77:125|77:125|6:154,1,156,4|0,0:3|0:2,0:2:0:0:
21,132,162430,1,4,0:3:0:0:
233,198,162599,2,0,P|257:121|271:81,1,104,2|0,1:2|3:2,0:2:0:0:
264,98,162851,1,0,3:2:0:0:
264,98,162935,5,4,0:3:0:0:
162,146,163104,1,4,0:3:0:0:
368,279,163276,2,0,P|344:202|330:162,1,104,2|0,1:2|0:2,0:2:0:0:
206,374,163616,6,0,P|123:334|1:300,1,208,4|0,0:3|1:2,0:2:0:0:
292,323,164119,1,0,3:2:0:0:
292,323,164203,1,0,3:2:0:0:
292,323,164287,2,0,P|241:283|190:254,1,104,4|4,0:3|0:3,0:2:0:0:
355,378,164623,5,2,1:2:0:0:
503,171,164791,2,0,P|473:240|434:380,1,208,4|4,0:3|0:3,0:2:0:0:
338,192,165294,2,0,P|362:262|372:309,1,104,2|0,1:2|3:2,0:2:0:0:
368,291,165546,1,0,3:2:0:0:
368,291,165630,5,4,0:3:0:0:
253,200,165798,1,4,0:3:0:0:
503,171,165966,2,0,P|428:153|399:71,1,156,2|0,1:2|0:2,0:2:0:0:
406,77,166302,5,4,1:1:0:0:
353,22,166469,1,4,0:3:0:0:
221,163,166637,1,0,1:2:0:0:
176,98,166805,5,4,0:3:0:0:
180,88,166889,1,4,0:3:0:0:
184,78,166973,1,4,0:3:0:0:
120,34,167141,1,4,0:3:0:0:
53,76,167309,1,0,1:2:0:0:
324,122,167477,5,0,1:2:0:0:
311,163,167561,1,0,1:2:0:0:
301,205,167645,1,0,1:2:0:0:
293,248,167729,1,0,1:2:0:0:
286,290,167812,1,0,1:2:0:0:
113,383,167980,5,4,0:3:0:0:
15,347,168148,1,4,3:3:0:0:
15,347,168232,1,4,3:3:0:0:
15,347,168316,5,0,1:2:0:0:
55,308,168400,1,0,1:2:0:0:
108,294,168484,1,0,1:2:0:0:
161,303,168568,1,0,1:2:0:0:
207,334,168648,1,0,1:2:0:0:
240,362,168734,1,0,1:2:0:0:
281,373,168820,1,0,1:2:0:0:
325,368,168906,1,0,1:2:0:0:
360,342,168993,6,0,P|472:289|493:283,1,104,4|0,1:1|0:2,0:2:0:0:
114,174,169337,2,0,P|226:226|247:232,1,104,2|0,1:2|0:2,0:2:0:0:
461,195,169682,5,4,0:3:0:0:
287,289,169854,1,4,0:3:0:0:
236,33,170027,1,2,1:2:0:0:
357,227,170195,2,0,P|390:128|431:33,1,206.765857212237,4|4,0:3|0:3,0:2:0:0:
205,130,170698,2,0,P|276:113|338:95,1,104,2|0,1:2|0:2,1:2:0:0:
436,283,171034,5,4,0:3:0:0:
272,197,171202,1,4,0:3:0:0:
489,103,171370,1,2,1:2:0:0:
297,294,171538,1,0,3:2:0:0:
297,294,171622,1,0,3:2:0:0:
297,294,171706,6,0,P|219:319|129:367,1,156,4|0,0:3|0:2,0:2:0:0:
145,368,172043,2,0,P|94:337|81:284,1,104,2|0,1:2|0:2,0:2:0:0:
84,213,172380,5,4,0:3:0:0:
284,384,172549,1,4,0:3:0:0:
320,158,172717,1,2,1:2:0:0:
201,298,172886,2,0,P|216:220|243:87,1,208,4|4,0:3|0:3,0:2:0:0:
177,40,173392,1,2,1:2:0:0:
304,249,173560,1,0,1:2:0:0:
304,249,173645,1,0,1:2:0:0:
304,249,173729,5,4,0:3:0:0:
140,155,173898,1,4,0:3:0:0:
310,45,174071,2,0,P|366:30|416:14,1,104,2|0,1:2|3:2,0:2:0:0:
416,24,174323,1,0,3:2:0:0:
422,31,174408,6,0,P|413:123|307:151,1,208,4|0,1:1|1:2,0:2:0:0:
65,249,174912,1,0,3:2:0:0:
65,249,174996,1,0,3:2:0:0:
65,249,175081,2,0,P|48:185|34:145,1,104,4|4,0:3|0:3,0:2:0:0:
305,67,175417,1,2,1:2:0:0:
166,265,175585,2,0,P|174:204|215:59,1,208,4|4,0:3|0:3,0:2:0:0:
77,10,176090,2,0,P|93:59|106:109,1,104,2|0,1:2|0:2,0:2:0:0:
266,223,176427,5,4,0:3:0:0:
66,249,176595,1,4,0:3:0:0:
290,145,176763,2,0,P|353:163|446:178,1,156,2|0,1:2|0:2,0:2:0:0:
450,186,177100,5,4,1:1:0:0:
497,257,177268,1,4,0:3:0:0:
443,324,177436,1,0,1:2:0:0:
360,310,177604,5,4,0:3:0:0:
357,299,177688,1,4,0:3:0:0:
354,288,177773,1,4,0:3:0:0:
317,215,177941,1,4,0:3:0:0:
231,205,178109,1,0,1:2:0:0:
182,274,178277,5,4,0:3:0:0:
188,284,178362,1,4,0:3:0:0:
193,294,178446,1,4,0:3:0:0:
157,366,178614,1,4,0:3:0:0:
71,376,178782,1,0,1:2:0:0:
22,307,178950,5,0,3:2:0:0:
28,297,179035,1,0,3:2:0:0:
33,287,179119,2,0,L|120:266,1,69.3333301595054,0|0,1:2|1:2,1:2:0:0:
362,113,179343,5,0,1:2:0:0:
304,161,179455,2,0,L|236:144,1,69.3333301595054,0|0,1:2|1:2,1:2:0:0:
59,135,179680,5,0,1:2:0:0:
153,111,179792,2,0,P|142:162|132:223,1,80,4|0,1:1|0:2,0:2:0:0:
236,309,180128,2,0,P|225:257|215:196,1,80,2|4,0:2|0:3,0:2:0:0:
362,25,180475,2,0,P|417:40|449:117,1,120,2|0,1:2|0:2,0:2:0:0:
461,99,180802,6,0,P|438:171|418:281,1,160,2|0,0:2|0:2,0:2:0:0:
484,310,181305,1,4,0:3:0:0:
317,131,181474,2,0,P|333:181|340:225,1,80,4|0,0:3|0:2,0:2:0:0:
445,15,181812,1,0,1:2:0:0:
269,254,182149,5,2,3:2:0:0:
491,316,182318,1,0,1:2:0:0:
491,316,182403,1,0,1:2:0:0:
491,316,182487,2,0,B|388:310|445:382|318:377,1,160,6|0,0:3|0:2,0:2:0:0:
181,292,182994,1,4,0:3:0:0:
380,212,183164,6,0,P|359:275|354:317,1,80,0|0,1:2|0:2,0:2:0:0:
53,106,183500,1,2,3:2:0:0:
53,106,183585,1,2,3:2:0:0:
53,106,183670,2,0,P|82:168|192:177,1,160,2|4,1:2|0:3,0:2:0:0:
205,121,184181,2,0,P|196:82|181:44,1,80,4|0,0:3|0:2,0:2:0:0:
23,225,184521,1,0,1:2:0:0:
23,225,184829,5,2,0:3:0:0:
257,360,184999,1,2,1:2:0:0:
257,360,185084,1,2,1:2:0:0:
257,360,185169,1,4,1:1:0:0:
316,308,185339,2,0,B|321:205|372:271|387:156,1,160,0|4,1:2|0:3,0:2:0:0:
334,105,185850,5,0,1:2:0:0:
334,105,186191,1,4,0:3:0:0:
146,235,186361,2,0,P|196:214|304:175,1,160,2|4,1:2|0:3,0:2:0:0:
400,300,186872,2,0,P|453:322|487:335,1,80,4|0,0:3|0:2,0:2:0:0:
247,105,187213,2,0,P|210:89|172:74,1,80,0|0,1:2|0:2,0:2:0:0:
433,221,187549,5,0,3:2:0:0:
251,295,187718,1,2,1:2:0:0:
251,295,187802,1,2,1:2:0:0:
251,295,187886,2,0,P|240:343|231:380,2,80.2374666699027,4|0|0,0:3|1:2|0:2,0:2:0:0:
379,160,188404,5,4,0:3:0:0:
195,30,188573,1,0,1:2:0:0:
163,103,188742,1,2,3:3:0:0:
344,81,188910,5,4,3:3:0:0:
344,81,189079,2,0,P|434:61|450:59,1,78.1034665667826,4|0,0:3|0:2,0:2:0:0:
116,39,189411,5,2,1:2:0:0:
202,176,189580,2,0,P|292:196|308:198,1,80,4|0,0:3|1:2,0:2:0:0:
279,194,189833,1,0,1:2:0:0:
279,194,189917,5,0,1:2:0:0:
288,4,190086,1,0,1:2:0:0:
160,294,190254,5,0,1:2:0:0:
69,47,190423,1,0,1:2:0:0:
307,111,190580,5,0,1:2:0:0:
30,227,190752,1,8,0:3:0:0:
373,250,190925,5,4,0:3:0:0:
285,205,191097,1,4,0:3:0:0:
512,20,191267,6,0,P|495:77|471:174,1,160,4|0,1:1|0:2,0:2:0:0:
391,327,191772,2,0,P|381:277|365:228,1,78.5760000773707,2|0,1:2|0:2,0:2:0:0:
469,254,192107,5,4,0:3:0:0:
309,178,192277,2,0,P|368:166|406:144,1,80,4|0,0:3|0:2,0:2:0:0:
175,341,192618,2,0,P|102:307|24:289,1,160,2|0,1:2|0:2,0:2:0:0:
125,4,193130,5,0,1:2:0:0:
125,4,193215,1,0,1:2:0:0:
125,4,193288,2,0,B|99:76|187:72|164:173,1,160,6|0,0:3|0:2,0:2:0:0:
253,257,193793,1,4,0:3:0:0:
0,156,193962,2,0,P|51:147|95:133,1,80,0|0,1:2|0:2,0:2:0:0:
207,17,194299,5,6,0:3:0:0:
271,161,194467,2,2,P|209:171|153:276,1,160,2|4,1:2|0:3,0:2:0:0:
192,327,194973,2,0,P|236:349|276:372,1,80,4|0,0:3|0:2,0:2:0:0:
122,379,195310,5,0,1:2:0:0:
258,257,195479,2,0,P|314:248|354:239,1,80,4|0,0:3|0:2,0:2:0:0:
163,59,195816,5,0,1:2:0:0:
163,59,195900,1,0,1:2:0:0:
163,59,195984,1,4,0:3:0:0:
222,172,196153,2,0,P|242:107|279:6,1,160,2|4,1:2|0:3,0:2:0:0:
438,259,196658,2,0,P|417:209|401:156,1,80,0|0,1:2|0:2,0:2:0:0:
330,152,196995,5,2,0:2:0:0:
148,211,197164,1,6,0:3:0:0:
346,342,197332,1,2,0:2:0:0:
250,372,197501,2,0,P|263:334|279:297,1,80,0|4,1:2|0:3,0:2:0:0:
232,234,197838,1,4,0:3:0:0:
389,67,198007,5,8,3:3:0:0:
389,67,198175,1,8,0:3:0:0:
150,200,198344,2,0,B|86:194|102:151|10:140,1,120,0|0,1:2|0:2,0:2:0:0:
26,159,198681,6,0,P|80:142|122:126,1,80,4|0,1:1|0:2,0:2:0:0:
249,311,199018,2,0,P|211:297|173:285,1,80,2|0,1:2|3:2,0:2:0:0:
173,285,199271,1,0,3:2:0:0:
173,285,199355,1,4,0:3:0:0:
127,360,199523,1,4,0:3:0:0:
242,211,199692,2,0,P|233:160|229:124,1,80,2|0,1:2|0:2,0:2:0:0:
94,286,200029,5,4,0:3:0:0:
94,286,200198,1,4,0:3:0:0:
304,95,200366,2,0,P|313:44|317:8,1,80,0|0,1:2|0:2,0:2:0:0:
147,99,200703,1,8,0:3:0:0:
332,182,200872,1,0,1:2:0:0:
332,182,200956,1,0,1:2:0:0:
332,182,201040,5,4,0:3:0:0:
369,169,201125,1,0,1:2:0:0:
408,176,201209,1,0,1:2:0:0:
440,200,201293,1,0,1:2:0:0:
457,236,201377,5,4,0:3:0:0:
355,361,201546,2,0,P|360:305|380:233,1,96,4|0,0:3|1:2,0:2:0:0:
471,127,201883,5,4,0:3:0:0:
280,254,202052,1,0,1:2:0:0:
166,63,202220,5,4,0:3:0:0:
166,63,202389,1,4,0:3:0:0:
11,217,202557,2,0,P|70:200|211:168,1,192,0|4,1:2|0:3,0:2:0:0:
280,126,203063,5,0,1:2:0:0:
198,308,203231,1,4,0:3:0:0:
88,47,203400,5,0,1:2:0:0:
125,262,203568,1,4,0:3:0:0:
251,49,203737,1,0,1:2:0:0:
251,49,204074,5,4,0:3:0:0:
491,176,204243,2,0,P|417:195|371:211,1,96,4|0,0:3|1:2,0:2:0:0:
197,170,204580,5,4,0:3:0:0:
403,103,204748,1,0,1:2:0:0:
413,306,204917,5,4,0:3:0:0:
413,306,205085,1,4,0:3:0:0:
287,134,205254,2,0,P|311:225|325:332,1,192,0|4,1:2|0:3,0:2:0:0:
389,192,205759,5,0,1:2:0:0:
223,310,205928,1,0,1:2:0:0:
223,310,206012,1,0,1:2:0:0:
223,310,206097,2,0,P|163:325|145:333,1,48,0|0,1:2|1:2,1:2:0:0:
389,192,206262,2,0,P|449:177|467:169,1,48,0|0,1:2|1:2,1:2:0:0:
212,211,206428,5,8,0:3:0:0:
202,178,206511,1,8,0:3:0:0:
194,145,206594,1,4,0:3:0:0:
188,112,206677,1,4,0:3:0:0:
185,79,206760,5,4,1:1:0:0:
123,248,206928,1,4,0:3:0:0:
125,16,207097,5,0,1:2:0:0:
296,204,207265,1,4,0:3:0:0:
403,25,207434,5,0,1:2:0:0:
266,284,207602,1,4,0:3:0:0:
266,284,207771,1,4,0:3:0:0:
465,152,207939,5,0,1:2:0:0:
349,270,208108,1,0,1:2:0:0:
391,106,208276,1,4,0:3:0:0:
451,277,208445,2,0,P|473:340|484:379,1,96,0|4,1:2|0:3,0:2:0:0:
470,72,208782,5,0,1:2:0:0:
382,346,208951,1,4,0:3:0:0:
256,27,209119,1,0,1:2:0:0:
395,203,209288,1,0,1:2:0:0:
395,203,209372,1,0,1:2:0:0:
395,203,209456,5,0,1:2:0:0:
126,336,209625,1,8,0:3:0:0:
163,20,209793,1,4,0:3:0:0:
222,177,209962,5,4,1:1:0:0:
256,192,210046,12,0,217630,0:2:0:0:
