osu file format v14

[General]
AudioFilename: audio.mp3
AudioLeadIn: 0
PreviewTime: 65939
Countdown: 0
SampleSet: Soft
StackLeniency: 0.7
Mode: 0
LetterboxInBreaks: 0
WidescreenStoryboard: 1

[Editor]
Bookmarks: 11128,21895,32689,43476,54262,65049,86622,108195,129768,146754,151341,156734,178307,199880,208476
DistanceSpacing: 0.2
BeatDivisor: 4
GridSize: 32
TimelineZoom: 1.8

[Metadata]
Title:confess
TitleUnicode:confess
Artist:Fennel
ArtistUnicode:Fennel
Creator:Mir
Version:nekro's insane
Source:
Tags:japanese rock indie punk like a fool nekroman4ik
BeatmapID:5536443
BeatmapSetID:2509362

[Difficulty]
HPDrainRate:5
CircleSize:4
OverallDifficulty:8
ApproachRate:9
SliderMultiplier:1.6
SliderTickRate:1

[Events]
//Background and Video events
0,0,"camera.jpeg",0,0
//Break Periods
//Storyboard Layer 0 (Background)
//Storyboard Layer 1 (Fail)
//Storyboard Layer 2 (Pass)
//Storyboard Layer 3 (Foreground)
//Storyboard Layer 4 (Overlay)
//Storyboard Sound Samples

[TimingPoints]
1488,342.0753,4,2,0,70,1,8
1488,-100,4,2,0,70,0,8
1830,337.07867,4,2,0,70,1,0
1830,-83.3333333333333,4,2,0,70,0,0
4526,336.5115,4,2,0,70,1,0
4526,-100,4,2,0,70,0,0
4862,-83.3333333333333,4,2,0,70,0,0
6188,343.249430543537,4,2,0,70,1,0
6188,-100,4,2,0,70,0,0
6874,-100,4,2,0,70,0,8
7220,336.700339227006,4,2,0,70,1,0
7220,-83.3333333333333,4,2,0,70,0,8
9911,340.52213652306,4,2,0,70,1,0
9911,-83.3333333333333,4,2,0,70,0,0
11614,332.963376499752,4,2,0,70,1,8
11614,-100,4,2,0,70,0,8
12265,340.13608,4,2,0,70,1,8
12265,-100,4,2,0,70,0,8
12600,340.136055046058,4,2,0,70,1,0
12600,-83.3333333333333,4,2,0,70,0,0
13949,343.642612321077,4,2,0,70,1,0
13949,-100,4,2,0,70,0,0
14292,-83.3333333333333,4,2,0,70,0,0
14983,336.13446,4,2,0,70,1,8
14983,-100,4,2,0,70,0,8
15315,334.075729973283,4,2,0,70,1,0
15315,-100,4,2,0,70,0,0
15649,-83.3333333333333,4,2,0,70,0,0
17316,333.704121812984,4,2,0,70,1,0
17316,-100,4,2,0,70,0,0
17654,321.199149147109,4,2,0,70,1,0
17654,-100,4,2,0,70,0,0
17988,343.249434402148,4,2,0,70,1,0
17988,-83.3333333333333,4,2,0,70,0,0
19016,335.00836,4,2,0,70,1,8
19016,-100,4,2,0,70,0,8
19183,-83.3333333333333,4,2,0,70,0,8
19351,337.837822370457,4,2,0,70,1,0
19351,-100,4,2,0,70,0,0
19688,-83.3333333333333,4,2,0,70,0,0
20695,337.837822370457,4,2,0,70,1,0
20695,-83.3333333333333,4,2,0,70,0,0
23387,337.837822370457,4,2,0,70,1,0
23387,-125,4,2,0,70,0,0
23893,-125,4,2,0,50,0,0
24395,-100,4,2,0,50,0,8
24405,350.26268015236,4,2,0,50,1,8
24484,-100,4,2,0,50,0,8
25074,336.511481904407,4,2,0,50,1,8
25074,-100,4,2,0,50,0,8
26411,354.40045526261,4,2,0,50,1,8
26411,-100,4,2,0,50,0,8
26588,-125,4,2,0,50,0,8
27091,338.0282,4,2,0,50,1,8
27091,-100,4,2,0,50,0,8
27429,338.409457592152,4,2,0,50,1,0
27429,-100,4,2,0,50,0,0
29290,-125,4,2,0,50,0,0
30462,339.366497862708,4,2,0,50,1,8
30462,-100,4,2,0,50,0,8
31141,337.07867,4,2,0,50,1,8
31141,-100,4,2,0,50,0,8
31478,336.88934,4,2,0,50,1,0
31478,-100,4,2,0,50,0,0
31983,-125,4,2,0,50,0,0
34173,-111.111111111111,4,2,0,50,0,0
37879,338.0282,4,2,0,50,1,8
37879,-111.111111111111,4,2,0,50,0,8
38217,338.0282,4,2,0,50,1,0
38217,-100,4,2,0,50,0,0
38555,-111.111111111111,4,2,0,50,0,0
40921,335.946249209228,4,2,0,50,1,0
40921,-111.111111111111,4,2,0,50,0,0
42259,342.27037750166,4,2,0,60,1,0
42259,-100,4,2,0,60,0,0
43287,337.26816,4,2,0,60,1,8
43287,-100,4,2,0,60,0,8
43624,337.26816,4,2,0,60,1,0
43624,-100,4,2,0,60,0,0
44973,333.518652590504,4,2,0,60,1,0
44973,-125,4,2,0,60,0,0
46302,340.136086803647,4,2,0,60,1,0
46302,-100,4,2,0,60,0,0
47662,-125,4,2,0,60,0,0
49683,370.599173710642,4,2,0,60,1,8
49683,-100,4,2,0,60,0,8
50031,337.07867,4,2,0,60,1,8
50031,-100,4,2,0,60,0,8
50368,336.5115,4,2,0,60,1,0
50368,-100,4,2,0,60,0,0
52050,-125,4,2,0,60,0,0
54406,332.778704631216,4,2,0,60,1,0
54406,-100,4,2,0,60,0,0
55737,346.220429676764,4,2,0,60,1,0
55737,-125,4,2,0,60,0,0
57122,327.689789394884,4,2,0,60,1,0
57122,-100,4,2,0,60,0,0
58432,338.791645697624,4,2,0,60,1,0
58432,-125,4,2,0,60,0,0
60802,338.0282,4,2,0,60,1,8
60802,-125,4,2,0,60,0,8
61140,339.366538200283,4,2,0,70,1,0
61140,-100,4,2,0,70,0,0
63498,339.366538200283,4,2,0,70,1,8
63498,-100,4,2,0,70,0,0
63838,339.366538200283,4,2,0,70,1,0
65868,330.032986301028,4,2,0,70,1,8
65868,-100,4,2,0,70,0,8
66533,338.218746786719,4,2,0,80,1,0
66533,-83.3333333333333,4,2,0,80,0,0
69243,328.048143844512,4,2,0,80,1,0
69243,-83.3333333333333,4,2,0,80,0,0
69899,341.102931940877,4,2,0,80,1,8
69899,-100,4,2,0,80,0,0
70240,-83.3333333333333,4,2,0,80,0,0
70582,341.102931940877,4,2,0,80,1,0
70582,-83.3333333333333,4,2,0,80,0,0
71942,328.947398707583,4,2,0,80,1,0
71942,-83.3333333333333,4,2,0,80,0,0
72600,340.136086803647,4,2,0,80,1,0
72600,-100,4,2,0,80,0,0
72940,-83.3333333333333,4,2,0,80,0,0
73280,336.322901615054,4,2,0,80,1,0
73280,-100,4,2,0,80,0,0
73616,-83.3333333333333,4,2,0,80,0,0
77988,358.422975025501,4,2,0,80,1,8
77988,-100,4,2,0,80,0,8
78346,-83.3333333333333,4,2,0,80,0,8
78681,335.946200884238,4,2,0,80,1,0
78681,-100,4,2,0,80,0,0
79016,-83.3333333333333,4,2,0,80,0,0
80014,334.075676644628,4,2,0,80,1,0
80014,-83.3333333333333,4,2,0,80,0,0
81027,362.318785078029,4,2,0,80,1,0
81027,-83.3333333333333,4,2,0,80,0,0
81388,331.308622835826,4,2,0,80,1,0
81388,-83.3333333333333,4,2,0,80,0,0
82720,336.700288769898,4,2,0,80,1,0
82720,-83.3333333333333,4,2,0,80,0,0
88107,-100,4,2,0,70,0,0
88612,-100,4,2,0,60,0,0
89126,337.64774,4,2,0,60,1,8
89126,-100,4,2,0,60,0,8
89458,337.64774,4,2,0,60,1,0
89458,-100,4,2,0,60,0,0
97227,336.13446,4,2,0,60,1,8
97227,-100,4,2,0,60,0,8
97563,335.57047,4,2,0,60,1,0
97563,-100,4,2,0,60,0,0
99408,-90.9090909090909,4,2,0,60,0,0
101255,338.0282,4,2,0,60,1,8
101255,-100,4,2,0,60,0,8
101424,-90.9090909090909,4,2,0,60,0,8
101593,338.600470697449,4,2,0,60,1,0
101593,-100,4,2,0,60,0,0
102270,-90.9090909090909,4,2,0,60,0,0
104295,338.600470697449,4,2,0,60,1,0
104295,-90.9090909090909,4,2,0,60,0,0
108006,336.13446,4,2,0,60,1,8
108006,-90.9090909090909,4,2,0,60,0,8
108342,-100,4,2,0,60,0,0
108357,331.491741337566,4,2,0,60,1,0
108357,-100,4,2,0,60,0,0
108522,-90.9090909090909,4,2,0,60,0,0
109019,326.086984226134,4,2,0,60,1,0
109019,-100,4,2,0,60,0,0
109672,337.078681288979,4,2,0,60,1,0
109672,-133.333333333333,4,2,0,60,0,0
110688,337.26816,4,2,0,60,1,8
110688,-100,4,2,0,60,0,8
111023,337.078683487741,4,2,0,60,1,0
111023,-100,4,2,0,60,0,0
116085,336.70032,4,2,0,60,1,8
116085,-100,4,2,0,60,0,8
116421,336.70032,4,2,0,60,1,0
116421,-100,4,2,0,60,0,0
117767,342.465736147495,4,2,0,60,1,0
117767,-111.111111111111,4,2,0,60,0,0
119137,333.889799937904,4,2,0,60,1,0
119137,-100,4,2,0,60,0,0
120473,335.758237450066,4,2,0,70,1,0
120473,-100,4,2,0,70,0,0
125511,338.0282,4,2,0,70,1,8
125511,-100,4,2,0,70,0,8
125849,337.83786,4,2,0,70,1,0
125849,-100,4,2,0,70,0,0
127200,328.587029926659,4,2,0,70,1,0
127528,337.078651685393,4,2,0,70,1,1
128202,320.855614973262,4,2,0,70,1,1
128526,358.851655671116,4,2,0,70,1,0
128526,-111.111111111111,4,2,0,70,0,0
129588,333.333333333333,4,2,0,70,1,8
129588,-100,4,2,0,70,0,8
129754,-111.111111111111,4,2,0,70,0,8
129922,333.333333333333,4,2,0,70,1,0
131255,-125,4,2,0,60,0,0
131922,341.880341880342,4,2,0,60,1,0
131922,-125,4,2,0,60,0,0
133280,337.07867,4,2,0,60,1,8
133280,-125,4,2,0,60,0,8
133954,336.88934,4,2,0,60,1,0
133954,-125,4,2,0,60,0,0
139008,337.07867,4,2,0,60,1,8
139008,-100,4,2,0,60,0,8
139345,337.07867,4,2,0,60,1,0
139345,-125,4,2,0,60,0,0
140693,-100,4,2,0,60,0,0
142041,-125,4,2,0,60,0,0
150130,340.71552126731,4,2,0,60,1,0
150130,-125,4,2,0,60,0,0
152842,332.225931412334,4,2,0,70,1,0
152842,-100,4,2,0,70,0,0
153842,335.75827,4,2,0,70,1,8
153842,-100,4,2,0,70,0,8
154172,335.94623,4,2,0,70,1,0
154172,-100,4,2,0,70,0,0
155838,347.624545553413,4,2,0,70,1,8
155838,-100,4,2,0,70,0,8
156528,337.64774,4,2,0,70,1,8
156528,-100,4,2,0,70,0,8
156865,337.457836873391,4,2,0,70,1,0
156865,-100,4,2,0,70,0,0
158222,336.700355715296,4,2,0,80,1,0
158222,-83.3333333333333,4,2,0,80,0,0
163276,339.366516043027,4,2,0,80,1,8
163276,-83.3333333333333,4,2,0,80,0,8
163616,335.758254258647,4,2,0,80,1,0
163616,-83.3333333333333,4,2,0,80,0,0
168484,-81.9672131147541,4,2,0,80,0,0
168648,345.02588,4,2,0,80,1,8
168648,-100,4,2,0,80,0,8
168993,344.6295,4,2,0,80,1,0
168993,-83.3333333333333,4,2,0,80,0,0
170027,337.07867,4,2,0,80,1,8
170027,-83.3333333333333,4,2,0,80,0,8
170362,336.13447199366,4,2,0,80,1,0
170362,-100,4,2,0,80,0,0
170698,-83.3333333333333,4,2,0,80,0,0
171706,337.268146497091,4,2,0,80,1,0
171706,-83.3333333333333,4,2,0,80,0,0
174071,337.07867,4,2,0,80,1,8
174071,-83.3333333333333,4,2,0,80,0,8
174408,336.5115,4,2,0,80,1,0
174408,-83.3333333333333,4,2,0,80,0,0
179792,-125,4,2,0,80,0,0
180475,328.587029926659,4,2,0,80,1,8
180802,335.57047,4,2,0,80,1,8
180802,-125,4,2,0,80,0,8
181137,337.647721081727,4,2,0,80,1,0
181137,-100,4,2,0,80,0,0
181474,-125,4,2,0,80,0,0
182487,338.600451672263,4,2,0,80,1,0
182487,-125,4,2,0,80,0,0
183500,340.522134146034,4,2,0,80,1,0
183500,-125,4,2,0,80,0,0
184829,340.13608,4,2,0,80,1,8
184829,-100,4,2,0,80,0,8
185169,340.715497859522,4,2,0,80,1,0
185169,-125,4,2,0,80,0,0
187213,336.889383393308,4,2,0,80,1,0
187213,-100,4,2,0,80,0,0
187886,-125,4,2,0,80,0,0
188223,-100,4,2,0,80,0,8
188236,337.4578,4,2,0,80,1,8
188236,-100,4,2,0,80,0,8
188573,-125,4,2,0,80,0,8
189243,337.26816,4,2,0,80,1,0
189243,-100,4,2,0,80,0,0
190580,345.025896129156,4,2,0,80,1,8
190580,-100,4,2,0,80,0,8
191267,337.07867,4,2,0,80,1,8
191267,-125,4,2,0,80,0,8
191937,340.909109642304,4,2,0,80,1,0
191937,-100,4,2,0,80,0,0
193288,337.07867,4,2,0,80,1,0
193288,-125,4,2,0,80,0,0
198681,-90.9090909090909,4,2,0,80,0,0
201377,-83.3333333333333,4,2,0,80,0,0
206097,331.491730419706,4,2,0,80,1,8
206097,-100,4,2,0,80,0,8
206760,337.07867,4,2,0,80,1,0
206760,-83.3333333333333,4,2,0,80,0,0
209962,337.078651685393,4,2,0,80,1,0
209962,-100,4,2,0,80,0,0
210130,-83.3333333333333,4,2,0,60,0,0
212153,-83.3333333333333,4,2,0,40,0,0
214849,-83.3333333333333,4,2,0,20,0,0
217546,-83.3333333333333,4,2,0,5,0,0


[Colours]
Combo1 : 82,197,151
Combo2 : 241,130,97
Combo3 : 250,177,80

[HitObjects]
109,264,1488,5,0,1:2:0:0:
109,264,1830,6,0,P|192:276|214:280,1,96,4|4,1:1|0:3,0:2:0:0:
403,120,2167,2,0,P|319:107|297:103,1,96,0|4,1:2|0:3,0:2:0:0:
174,99,2504,5,0,1:2:0:0:
338,285,2672,1,4,0:3:0:0:
174,99,2841,1,4,0:3:0:0:
358,37,3009,5,0,1:2:0:0:
256,192,3178,1,4,0:3:0:0:
358,37,3346,1,4,0:3:0:0:
493,123,3515,6,0,B|511:171|511:171|510:215,1,96,0|4,1:2|0:3,0:0:0:0:
354,377,3852,2,0,B|336:329|336:329|337:285,1,96,0|4,1:2|0:3,0:0:0:0:
398,185,4189,1,0,1:2:0:0:
113,162,4526,5,4,0:3:0:0:
113,162,4694,1,4,0:3:0:0:
31,94,4862,2,0,P|25:46|10:0,1,96,0|4,1:2|0:3,0:2:0:0:
229,35,5199,2,0,P|181:29|135:14,1,96,0|4,1:2|0:3,0:0:0:0:
16,205,5535,1,4,0:3:0:0:
113,162,5703,2,0,P|160:167|206:182,1,96,0|4,1:2|0:3,0:0:0:0:
293,239,6040,1,4,0:3:0:0:
256,384,6188,1,0,1:2:0:0:
303,139,6359,5,0,1:2:0:0:
325,131,6445,1,0,1:2:0:0:
349,128,6531,1,4,0:3:0:0:
373,130,6617,1,0,1:2:0:0:
396,136,6702,1,0,1:2:0:0:
418,146,6788,1,0,1:2:0:0:
437,160,6874,1,8,0:3:0:0:
453,178,6960,1,8,0:3:0:0:
466,198,7046,1,4,0:3:0:0:
474,221,7131,1,4,0:3:0:0:
478,244,7220,6,0,P|492:310|503:356,1,96,4|4,1:1|0:3,0:2:0:0:
419,115,7556,2,0,P|485:101|531:90,1,96,0|4,1:2|0:3,0:2:0:0:
360,224,7893,1,0,1:2:0:0:
324,50,8061,1,4,0:3:0:0:
324,50,8230,1,4,0:3:0:0:
239,122,8398,5,0,1:2:0:0:
206,278,8566,1,4,0:3:0:0:
206,278,8735,1,4,0:3:0:0:
57,118,8903,6,0,P|43:76|30:12,1,96,0|4,1:2|0:3,0:0:0:0:
129,45,9240,2,0,P|171:31|235:18,1,96,0|4,1:2|0:3,0:0:0:0:
9,203,9576,2,0,P|19:249|34:295,1,96,0|0,1:2|3:2,3:2:0:0:
284,263,9911,6,0,P|207:263|166:389,1,192,4|0,1:1|1:2,0:2:0:0:
180,180,10421,2,0,P|219:114|130:15,1,192,4|0,1:1|1:2,0:2:0:0:
303,132,10932,2,0,P|341:198|471:171,1,192,4|0,1:1|1:2,0:2:0:0:
512,20,11443,6,0,P|421:34|389:120,1,190.308480012838,4|4,1:1|0:3,0:2:0:0:
410,289,11946,1,4,0:3:0:0:
447,197,12113,1,4,0:3:0:0:
303,132,12265,1,4,0:3:0:0:
66,295,12600,6,0,P|121:287|170:276,1,96,4|4,1:1|0:3,0:0:0:0:
227,205,12940,1,0,1:2:0:0:
253,293,13110,1,4,0:3:0:0:
408,202,13280,2,0,P|353:210|304:221,1,96,0|4,1:2|0:3,0:0:0:0:
190,366,13620,5,4,0:3:0:0:
99,204,13790,2,0,P|81:151|74:97,1,89.7907200113966,0|4,1:2|0:3,0:0:0:0:
227,205,14120,1,4,0:3:0:0:
154,13,14292,2,0,P|172:66|179:120,1,96,0|4,1:2|0:3,0:0:0:0:
227,205,14636,1,0,1:2:0:0:
74,111,14808,1,4,0:3:0:0:
123,300,14983,1,0,1:2:0:0:
359,54,15315,5,4,1:1:0:0:
421,114,15482,1,4,0:3:0:0:
504,89,15649,2,0,P|487:21|458:-21,1,96,0|4,1:2|0:3,0:2:0:0:
446,199,15983,2,0,P|378:216|336:245,1,96,0|4,1:2|0:3,0:0:0:0:
253,204,16317,5,4,0:3:0:0:
409,384,16484,2,0,P|427:331|434:277,1,96,0|0,1:2|0:0,0:2:0:0:
300,375,16818,1,4,0:3:0:0:
331,136,16985,2,0,P|349:189|356:243,1,96,0|4,1:2|0:3,0:0:0:0:
198,376,17316,1,0,1:2:0:0:
144,229,17482,5,0,1:3:0:0:
129,204,17566,1,0,1:3:0:0:
107,185,17654,1,8,0:3:0:0:
81,174,17734,1,8,0:3:0:0:
52,171,17814,1,4,0:3:0:0:
24,178,17894,1,4,0:3:0:0:
0,193,17988,6,0,P|11:253|23:301,1,96,4|4,1:1|0:3,0:2:0:0:
167,100,18331,2,0,P|177:146|186:194,1,96,4|4,1:1|0:3,0:2:0:0:
56,76,18674,1,0,1:2:0:0:
56,76,18846,1,4,0:3:0:0:
143,0,19016,1,4,0:3:0:0:
253,28,19183,6,0,P|300:19|347:8,1,96.5731170963323,0|0,1:2|0:0,0:2:0:0:
479,178,19519,1,4,0:3:0:0:
512,76,19688,2,0,P|464:84|417:95,1,96,0|4,1:2|0:3,0:0:0:0:
320,308,20026,2,0,P|309:261|300:213,1,96,0|4,1:2|0:3,0:0:0:0:
479,178,20364,2,0,P|489:224|498:272,1,96,0|0,1:2|3:2,0:0:0:0:
420,362,20695,6,0,P|412:263|370:146,1,192,4|0,1:1|1:2,0:2:0:0:
214,198,21201,2,0,P|222:297|264:414,1,192,4|0,1:1|1:2,0:2:0:0:
284,121,21708,6,0,P|312:212|319:307,1,192,4|0,1:1|1:2,0:2:0:0:
141,330,22215,2,0,P|112:238|105:143,1,192,4|4,1:1|0:3,0:2:0:0:
178,28,22722,1,4,2:3:0:0:
214,198,22890,1,4,2:3:0:0:
178,28,23059,1,4,2:3:0:0:
495,228,23387,5,4,1:1:0:0:
473,308,23555,1,4,0:3:0:0:
395,339,23724,1,2,1:2:0:0:
318,308,23893,2,0,P|236:316|177:332,1,128,4|0,0:3|0:2,0:2:0:0:
114,375,24405,1,0,1:2:0:0:
114,375,25074,1,0,1:2:0:0:
114,375,25747,1,0,1:2:0:0:
9,109,26083,5,4,0:3:0:0:
31,189,26251,1,4,0:3:0:0:
109,220,26411,1,2,1:2:0:0:
186,189,26588,2,0,P|268:197|327:213,1,128,4|2,0:3|0:2,0:2:0:0:
390,256,27091,1,0,1:2:0:0:
390,256,27767,1,0,1:2:0:0:
390,256,28444,1,0,1:2:0:0:
512,0,28782,5,4,0:3:0:0:
432,22,28951,1,4,0:3:0:0:
401,100,29121,1,2,1:2:0:0:
432,177,29290,2,0,P|424:259|408:318,1,128,4|0,0:3|0:2,0:2:0:0:
365,381,29797,1,0,1:2:0:0:
365,381,30462,1,0,1:2:0:0:
365,381,31141,1,0,1:2:0:0:
0,384,31478,5,4,0:3:0:0:
80,362,31646,1,4,0:3:0:0:
111,284,31814,1,2,1:2:0:0:
80,207,31983,2,0,P|85:169|96:118,1,64,4|0,0:3|0:2,0:2:0:0:
168,90,32320,2,0,P|174:58|178:27,2,64,4|2|0,0:3|1:2|0:0,0:0:0:0:
40,239,32994,5,4,0:3:0:0:
111,284,33162,1,0,1:2:0:0:
40,239,33330,2,0,P|5:248|-12:253,2,32,4|4|4,0:3|0:3|0:3,0:0:0:0:
176,352,33667,1,4,0:3:0:0:
214,196,33836,2,0,P|202:239|197:268,1,64,4|0,1:2|0:0,0:2:0:0:
354,373,34173,5,4,1:1:0:0:
384,211,34341,1,0,0:2:0:0:
372,291,34510,1,0,1:2:0:0:
458,301,34678,2,0,P|436:202|426:142,1,144,6|0,0:3|0:2,0:2:0:0:
512,128,35183,2,0,P|442:115|372:98,1,144,2|2,1:2|0:2,0:0:0:0:
152,113,35857,2,0,P|223:125|293:142,1,144,2|6,1:2|0:3,0:2:0:0:
292,143,36362,1,6,0:3:0:0:
231,213,36531,2,0,P|196:204|161:198,1,72.0000000000001,0|0,1:2|0:0,0:0:0:0:
78,384,36868,5,4,0:3:0:0:
0,315,37036,1,4,0:3:0:0:
94,272,37205,1,2,1:2:0:0:
0,315,37373,2,0,P|22:216|32:156,1,144,4|4,0:3|0:3,0:2:0:0:
0,64,37879,2,0,P|69:80|140:93,1,143.999995605469,2|2,1:2|0:2,0:0:0:0:
214,50,38386,1,4,0:3:0:0:
365,106,38555,2,0,P|295:118|225:135,1,144,2|6,1:2|0:3,0:2:0:0:
128,270,39062,1,6,0:3:0:0:
198,222,39231,2,0,P|233:228|268:236,1,72.0000000000001,0|2,1:2|0:3,0:0:0:0:
389,384,39569,5,4,0:3:0:0:
414,271,39738,1,4,0:3:0:0:
389,384,39907,1,0,1:2:0:0:
512,314,40076,2,0,P|498:254|492:218,1,72.0000000000001,4|0,0:3|0:0,0:2:0:0:
473,161,40414,1,4,0:3:0:0:
473,161,40583,2,0,P|421:172|390:177,1,72.0000000000001,2|2,1:2|3:2,0:0:0:0:
300,117,40921,2,0,P|362:93|380:22,2,144,2|2|6,3:2|1:2|0:3,0:2:0:0:
198,206,41760,1,6,0:3:0:0:
314,206,41928,2,0,P|325:258|330:289,1,72.0000000000001,0|2,1:2|0:2,0:2:0:0:
198,206,42259,6,0,P|177:277|152:377,1,160,4|0,1:1|1:2,0:2:0:0:
78,258,42772,2,0,P|10:234|-2:146,1,160,4|4,1:1|0:3,0:2:0:0:
103,87,43287,2,0,P|96:122|83:172,1,80,0|4,1:2|0:3,0:0:0:0:
34,30,43624,1,4,0:3:0:0:
198,9,43792,6,0,P|262:45|357:56,1,160,4|4,1:1|0:3,0:2:0:0:
474,4,44298,1,4,0:3:0:0:
347,56,44467,1,4,0:3:0:0:
501,139,44635,1,0,1:2:0:0:
382,300,44973,6,0,P|265:310|177:327,1,192,4|4,1:1|0:3,0:2:0:0:
2,348,45640,2,0,P|119:338|207:321,1,192,2|0,1:2|3:2,0:2:0:0:
312,384,46302,1,0,3:2:0:0:
371,199,46642,1,6,0:3:0:0:
501,342,46982,1,2,1:2:0:0:
312,384,47322,1,0,0:2:0:0:
391,300,47662,6,0,P|321:289|265:274,1,128,4|0,0:3|0:2,0:2:0:0:
89,242,48172,1,4,0:3:0:0:
129,311,48342,2,0,P|159:319|191:323,1,64,2|0,1:2|0:0,0:2:0:0:
265,274,48682,2,0,P|254:212|242:135,1,128,2|0,0:2|0:2,0:0:0:0:
192,90,49193,1,4,0:3:0:0:
192,90,49363,1,4,0:3:0:0:
374,54,49683,1,0,1:2:0:0:
409,236,50031,1,0,0:0:0:0:
331,153,50199,5,0,1:0:0:0:
331,153,50283,1,0,1:0:0:0:
331,153,50368,1,4,0:3:0:0:
296,335,50704,1,0,0:2:0:0:
114,299,51041,1,2,1:2:0:0:
149,117,51377,1,0,3:2:0:0:
223,226,51714,5,0,0:2:0:0:
223,226,51882,1,4,0:3:0:0:
223,226,52050,2,0,P|263:234|310:251,1,64,4|0,0:3|0:0,0:0:0:0:
296,335,52387,2,0,P|224:357|163:368,1,128,2|0,1:2|0:2,0:2:0:0:
90,168,53060,6,0,P|162:146|223:135,1,128,4|2,0:3|0:2,0:2:0:0:
291,117,53564,1,4,0:3:0:0:
366,102,53733,2,0,P|388:174|399:235,1,128,2|6,1:2|0:3,0:2:0:0:
417,303,54237,1,4,0:3:0:0:
417,303,54572,1,0,1:2:0:0:
245,353,54738,1,4,1:1:0:0:
355,384,54905,5,0,1:2:0:0:
355,384,54988,1,0,1:2:0:0:
355,384,55071,1,0,1:2:0:0:
306,239,55237,1,8,0:3:0:0:
417,303,55404,1,4,0:3:0:0:
245,353,55570,1,4,0:3:0:0:
417,303,55737,6,0,P|427:186|444:98,1,192,4|4,1:1|0:3,0:2:0:0:
356,6,56429,2,0,P|437:18|431:121,1,192,2|0,1:2|3:2,0:2:0:0:
339,156,57122,1,2,3:2:0:0:
256,192,57285,1,4,0:3:0:0:
220,109,57449,1,6,0:3:0:0:
173,228,57777,1,2,1:2:0:0:
292,275,58105,1,2,0:2:0:0:
220,109,58432,6,0,P|150:120|94:135,1,128,4|0,0:3|0:0,0:0:0:0:
14,91,58940,1,4,0:3:0:0:
55,12,59109,2,0,P|80:26|123:59,1,64,6|0,1:2|0:2,0:2:0:0:
94,134,59448,2,0,P|80:159|47:202,1,64,4|4,1:1|0:3,0:0:0:0:
59,187,59702,1,2,3:0:0:0:
59,187,59787,1,2,0:2:0:0:
179,364,59956,5,8,0:3:0:0:
179,364,60041,1,8,0:3:0:0:
179,364,60125,2,0,P|168:333|154:284,1,64,4|4,0:3|0:3,0:0:0:0:
192,226,60464,2,0,P|222:215|252:206,1,64,4|4,0:3|0:3,0:0:0:0:
88,365,60802,2,0,P|57:355|27:344,1,64,0|0,1:2|0:0,0:2:0:0:
279,374,61140,6,0,P|338:366|392:341,1,120,4|0,0:3|0:0,0:0:0:0:
468,319,61479,2,0,P|460:278|441:212,1,80,2|0,1:2|0:0,0:2:0:0:
339,41,61818,1,4,0:3:0:0:
339,41,61988,1,4,0:3:0:0:
339,41,62158,2,0,P|331:82|312:148,1,80,2|4,1:2|0:3,0:0:0:0:
278,244,62497,5,0,0:0:0:0:
441,132,62667,1,4,0:3:0:0:
278,244,62836,1,2,1:2:0:0:
441,132,63006,1,0,3:2:0:0:
453,299,63176,6,0,P|488:327|534:382,1,80,4|4,0:3|0:3,0:0:0:0:
329,383,63498,2,0,P|289:373|236:367,1,80,2|0,1:2|0:2,0:2:0:0:
120,384,63838,1,4,1:1:0:0:
122,227,64007,5,0,3:2:0:0:
122,227,64092,1,0,3:2:0:0:
122,227,64177,2,0,P|104:182|97:167,3,40,4|0|0|0,3:3|3:2|3:2|3:2,3:2:0:0:
43,83,64516,2,0,P|35:101|28:120,3,40,4|0|0|0,3:3|3:2|3:2|3:2,3:2:0:0:
133,108,64856,5,0,3:2:0:0:
156,113,64940,1,0,3:2:0:0:
180,114,65025,1,4,3:3:0:0:
203,110,65110,1,0,3:2:0:0:
226,102,65195,1,0,3:2:0:0:
246,89,65280,1,0,3:2:0:0:
264,73,65365,1,0,3:2:0:0:
278,54,65449,1,0,3:2:0:0:
288,32,65534,2,0,P|312:26|340:19,3,40,4|0|0|0,3:3|3:2|3:2|3:2,3:2:0:0:
420,92,65868,5,0,3:2:0:0:
417,103,65950,1,0,3:0:0:0:
415,115,66033,1,0,1:2:0:0:
412,127,66115,1,0,1:2:0:0:
410,139,66198,1,0,1:2:0:0:
408,150,66280,1,0,1:2:0:0:
405,162,66363,1,0,1:2:0:0:
403,174,66445,1,0,1:2:0:0:
401,186,66533,6,0,P|413:248|432:336,1,144,4|0,1:1|0:0,0:2:0:0:
507,379,66871,2,0,P|516:323|530:252,1,96,2|0,1:2|0:2,0:2:0:0:
401,186,67209,1,4,0:3:0:0:
329,298,67378,1,4,0:3:0:0:
401,186,67547,2,0,P|293:209|184:231,1,192,2|0,1:2|0:0,0:0:0:0:
143,315,68054,1,4,0:3:0:0:
0,106,68224,6,0,P|23:214|45:323,1,192,2|4,1:2|0:3,0:2:0:0:
143,315,68731,1,4,0:3:0:0:
110,149,68900,1,2,1:2:0:0:
271,115,69069,1,0,0:2:0:0:
349,181,69243,6,0,P|418:167|460:84,1,144,4|0,0:3|0:2,0:2:0:0:
495,19,69571,2,0,P|440:27|374:45,1,96,0|0,1:2|0:2,0:2:0:0:
259,93,69899,1,4,0:3:0:0:
342,281,70069,1,4,0:3:0:0:
165,112,70240,2,0,P|211:101|259:94,1,96,2|0,1:2|0:2,0:2:0:0:
349,181,70582,6,0,P|280:195|251:321,1,192,4|0,0:3|1:2,0:0:0:0:
329,362,71093,1,0,1:2:0:0:
329,362,71178,1,0,1:2:0:0:
329,362,71264,2,0,P|395:378|424:385,1,96,4|4,0:3|0:3,0:0:0:0:
149,208,71605,2,0,P|133:274|126:303,1,96,2|0,1:2|0:2,0:2:0:0:
302,164,71942,6,0,P|262:78|173:48,2,192.29183997313,4|0|4,0:3|1:2|0:3,2:2:0:0:
126,301,72770,1,4,0:3:0:0:
226,359,72940,2,0,P|213:270|198:166,1,192,2|0,1:2|0:0,0:0:0:0:
199,169,73448,1,4,0:3:0:0:
33,274,73616,6,0,P|80:286|143:307,1,96,2|0,1:2|0:2,0:2:0:0:
312,384,73952,2,0,P|324:337|345:274,1,96,4|4,0:3|0:3,0:0:0:0:
420,101,74288,2,0,P|373:89|310:68,1,96,2|0,1:2|0:2,0:2:0:0:
245,0,74625,5,4,1:1:0:0:
211,114,74793,1,0,0:0:0:0:
245,0,74961,1,0,1:2:0:0:
144,36,75129,5,4,0:3:0:0:
144,36,75213,1,4,0:3:0:0:
144,36,75297,1,4,0:3:0:0:
327,74,75466,1,4,0:3:0:0:
293,188,75634,1,0,1:2:0:0:
293,188,75802,1,4,0:3:0:0:
177,228,75970,5,4,0:3:0:0:
211,114,76138,1,4,0:3:0:0:
390,202,76306,5,0,1:2:0:0:
356,316,76475,1,8,0:3:0:0:
356,316,76559,1,8,0:3:0:0:
356,316,76643,1,8,0:3:0:0:
293,188,76811,5,0,1:2:0:0:
326,184,76895,1,0,1:2:0:0:
359,180,76979,1,0,1:2:0:0:
393,177,77063,1,0,1:2:0:0:
426,173,77147,1,0,1:2:0:0:
460,170,77231,1,0,1:2:0:0:
493,166,77315,6,0,P|494:88|462:16,1,144,4|0,1:1|0:0,0:2:0:0:
372,0,77652,2,0,P|381:56|404:120,1,96,0|0,1:2|3:2,0:0:0:0:
403,275,77988,1,6,0:3:0:0:
284,124,78167,1,4,0:3:0:0:
297,298,78346,2,0,P|310:209|284:124,1,179.679355376646,2|0,1:2|0:0,0:0:0:0:
60,131,78848,5,4,0:3:0:0:
166,0,79016,2,0,P|180:71|142:192,1,192,2|4,1:2|0:3,0:2:0:0:
56,382,79520,1,4,0:3:0:0:
1,210,79688,1,2,1:2:0:0:
56,382,79856,1,0,0:2:0:0:
160,317,80014,6,0,P|225:301|312:291,1,144,4|0,0:3|0:0,0:2:0:0:
368,342,80348,2,0,P|415:353|463:360,1,96,2|0,1:2|3:2,0:0:0:0:
328,168,80682,1,4,0:3:0:0:
328,168,80849,1,4,0:3:0:0:
438,244,81027,2,0,P|448:197|455:149,1,96,2|4,1:2|0:3,0:0:0:0:
322,67,81388,6,0,P|253:81|224:207,1,192,2|0,0:3|1:2,0:0:0:0:
305,261,81884,1,0,3:2:0:0:
305,261,81967,1,0,3:2:0:0:
305,261,82050,2,0,P|321:195|328:166,1,96,4|4,0:3|0:3,0:0:0:0:
144,0,82381,2,0,P|128:66|121:95,1,96,2|0,1:2|0:2,0:2:0:0:
137,309,82720,6,0,P|77:236|-15:229,2,192,4|0|4,0:3|1:2|0:3,0:2:0:0:
214,186,83561,1,4,0:3:0:0:
242,377,83730,2,0,P|229:288|214:184,1,192,2|0,1:2|0:0,0:0:0:0:
195,89,84235,1,4,0:3:0:0:
16,56,84403,6,0,P|63:46|127:28,1,96,2|0,1:2|3:2,0:2:0:0:
382,109,84740,2,0,P|334:118|270:136,1,96,4|4,0:3|0:3,0:2:0:0:
35,277,85076,2,0,P|82:267|146:249,1,96,4|0,1:1|0:2,0:2:0:0:
214,186,85413,5,4,0:3:0:0:
227,297,85581,1,4,0:3:0:0:
300,226,85750,1,0,1:2:0:0:
124,167,85918,5,4,0:3:0:0:
124,167,86002,1,4,0:3:0:0:
124,167,86087,1,4,0:3:0:0:
310,312,86255,1,4,0:3:0:0:
128,254,86423,1,0,1:2:0:0:
266,115,86592,5,4,0:3:0:0:
213,384,86760,1,4,0:3:0:0:
266,115,86928,1,4,0:3:0:0:
213,384,87097,1,0,1:2:0:0:
314,316,87265,5,4,0:3:0:0:
314,316,87349,1,4,0:3:0:0:
314,316,87433,1,4,0:3:0:0:
200,178,87602,5,0,1:2:0:0:
167,174,87686,1,0,1:2:0:0:
134,170,87770,1,8,0:3:0:0:
100,167,87854,1,8,0:3:0:0:
67,163,87938,1,4,0:3:0:0:
33,160,88023,1,4,0:3:0:0:
0,154,88107,6,0,P|0:100|106:63,1,160,4|0,1:1|1:2,0:2:0:0:
198,0,88612,2,0,P|197:54|304:92,1,160,4|4,1:1|0:3,0:2:0:0:
377,80,89126,1,2,1:2:0:0:
377,80,89294,1,2,3:2:0:0:
397,173,89458,1,2,3:2:0:0:
425,324,89795,1,2,1:2:0:0:
271,354,90133,1,4,0:3:0:0:
251,261,90302,1,4,0:3:0:0:
271,354,90470,1,2,1:2:0:0:
142,333,90639,5,0,0:0:0:0:
142,333,90724,1,0,0:2:0:0:
142,333,90808,2,0,P|156:263|173:166,1,160,4|0,0:3|1:2,0:2:0:0:
141,18,91315,2,0,P|156:96|170:175,1,160,4|4,0:3|0:3,0:2:0:0:
5,213,91821,1,2,1:2:0:0:
5,213,91990,1,2,3:2:0:0:
115,324,92159,2,0,P|103:278|93:232,1,80,2|4,3:2|3:3,0:0:0:0:
170,175,92496,2,0,P|208:164|247:155,1,80,2|0,1:2|3:2,0:0:0:0:
474,212,92834,1,6,3:3:0:0:
474,212,93003,1,6,3:3:0:0:
474,212,93172,2,0,P|463:173|454:134,1,80,0|0,1:2|0:0,0:2:0:0:
378,20,93509,6,0,P|365:99|351:197,1,160,4|0,0:3|1:2,0:2:0:0:
326,280,94016,2,0,P|247:269|168:256,1,160,4|4,0:3|0:3,0:2:0:0:
79,242,94522,1,2,1:2:0:0:
167,255,94691,1,2,3:2:0:0:
0,223,94860,1,2,3:2:0:0:
123,116,95198,1,0,1:2:0:0:
107,384,95535,2,0,P|88:333|81:292,1,80,4|4,0:3|0:3,0:0:0:0:
167,255,95873,2,0,P|218:236|259:229,1,80,2|0,1:2|0:0,0:2:0:0:
456,377,96210,6,0,P|471:305|501:206,1,160,4|2,0:3|1:3,0:2:0:0:
440,100,96717,2,0,P|422:153|407:197,1,80,4|0,0:3|0:0,0:2:0:0:
378,262,97055,1,4,0:3:0:0:
322,187,97227,1,2,1:3:0:0:
344,356,97395,1,4,0:3:0:0:
322,187,97563,2,0,P|335:149|348:111,1,80,0|4,0:0|0:3,0:0:0:0:
245,299,97898,2,0,P|207:286|169:273,1,80,2|4,1:3|0:3,0:0:0:0:
80,310,98234,1,0,0:0:0:0:
7,111,98569,6,0,P|45:98|83:85,1,80,0|4,1:2|0:3,0:0:0:0:
223,8,98905,5,0,1:2:0:0:
223,8,98989,1,0,1:2:0:0:
223,8,99073,2,0,P|214:36|205:72,1,40,8|8,0:3|0:3,0:0:0:0:
260,113,99240,2,0,P|269:141|278:177,1,40,4|4,0:3|0:3,0:0:0:0:
205,227,99408,6,0,P|286:205|404:189,1,176,4|4,1:1|0:3,0:2:0:0:
478,239,99911,1,0,1:2:0:0:
478,239,100079,1,6,0:3:0:0:
410,382,100247,2,0,P|397:330|390:273,1,88,2|6,0:2|0:3,0:0:0:0:
437,57,100583,2,0,P|450:109|457:166,1,88,0|6,1:2|0:3,0:0:0:0:
292,167,100918,1,2,0:2:0:0:
478,239,101086,1,6,0:3:0:0:
309,348,101255,1,0,1:2:0:0:
189,271,101424,6,0,P|146:277|104:289,2,88.000002685547,0|6|6,3:2|0:3|0:3,0:0:0:0:
309,348,101931,1,0,1:2:0:0:
309,348,102100,1,6,0:3:0:0:
371,154,102270,2,0,P|377:197|389:239,1,88,0|4,0:0|0:3,0:0:0:0:
479,131,102608,5,0,1:2:0:0:
314,56,102778,1,6,0:3:0:0:
470,0,102947,2,0,P|383:56|290:48,1,176,2|0,0:2|1:2,0:0:0:0:
231,146,103455,1,6,0:3:0:0:
150,104,103624,2,0,P|121:55|109:4,1,88,2|6,0:2|0:3,0:0:0:0:
117,298,103963,2,0,P|131:256|155:220,1,88,4|0,1:2|1:2,0:0:0:0:
154,219,104217,1,0,1:2:0:0:
154,219,104295,6,0,P|204:237|248:241,1,88,4|4,1:1|0:3,0:2:0:0:
317,384,104633,2,0,B|334:344|334:344|327:286,1,88,0|6,1:2|0:3,0:0:0:0:
231,146,104972,1,2,0:2:0:0:
231,146,105141,1,6,0:3:0:0:
231,146,105310,2,0,B|226:102|226:102|243:62,1,88,0|6,1:2|0:3,0:0:0:0:
427,14,105649,6,0,P|438:73|454:167,1,132,2|0,0:2|0:0,0:0:0:0:
512,220,105988,2,0,P|465:230|423:250,1,88,0|6,1:2|0:3,0:0:0:0:
317,384,106326,2,0,P|270:374|228:354,1,88,2|6,0:2|0:3,0:0:0:0:
53,249,106665,1,4,1:2:0:0:
131,195,106834,5,0,3:2:0:0:
131,195,106919,1,0,3:0:0:0:
131,195,107003,2,0,B|165:228|165:228|129:292|125:366,1,176,4|4,1:1|0:3,0:2:0:0:
307,281,107511,2,0,B|341:248|341:248|305:184|301:110,1,176,4|4,1:1|0:3,0:2:0:0:
199,0,108006,6,0,B|169:19|169:19|158:84|221:160,1,176.000005371094,4|4,1:1|0:3,0:2:0:0:
400,157,108522,2,0,B|430:138|430:138|441:73|378:-3,1,176,4|4,1:1|0:3,0:2:0:0:
302,126,109019,5,0,1:2:0:0:
297,151,109100,1,0,1:0:0:0:
294,178,109182,1,0,1:2:0:0:
294,204,109263,1,0,1:2:0:0:
296,230,109345,1,4,1:3:0:0:
300,256,109426,1,0,1:2:0:0:
307,282,109508,1,0,1:2:0:0:
315,307,109589,1,0,1:2:0:0:
326,331,109672,5,4,1:1:0:0:
321,342,110009,1,0,1:2:0:0:
348,331,110346,1,0,1:2:0:0:
326,353,110688,1,0,1:2:0:0:
348,353,111023,1,0,1:2:0:0:
337,326,111360,1,0,1:2:0:0:
337,357,111697,1,0,1:2:0:0:
352,342,112034,1,0,1:2:0:0:
164,246,112371,5,0,1:2:0:0:
159,257,112708,1,0,1:2:0:0:
186,246,113045,1,0,1:2:0:0:
164,268,113382,1,0,1:2:0:0:
186,268,113719,1,0,1:2:0:0:
175,241,114056,1,0,1:2:0:0:
175,272,114393,1,0,1:2:0:0:
190,257,114730,1,0,1:2:0:0:
256,192,114899,5,4,0:3:0:0:
336,235,115067,5,4,1:1:0:0:
382,238,115405,1,0,1:2:0:0:
422,212,115742,1,0,1:2:0:0:
439,167,116085,1,2,1:2:0:0:
442,119,116421,1,0,1:2:0:0:
436,71,116757,1,2,1:2:0:0:
400,38,117094,1,2,1:2:0:0:
352,33,117431,1,4,1:2:0:0:
208,107,117767,5,6,0:3:0:0:
208,107,117938,2,0,P|130:123|47:131,1,144,6|4,1:1|0:3,0:2:0:0:
158,217,118451,2,0,P|174:295|182:378,1,144,2|4,1:2|1:1,0:2:0:0:
180,359,118965,1,6,1:1:0:0:
391,271,119303,5,4,0:3:0:0:
424,347,119470,1,0,1:2:0:0:
391,271,119637,1,4,0:3:0:0:
404,191,119804,1,4,1:3:0:0:
410,139,119971,1,4,0:3:0:0:
414,87,120138,1,4,0:3:0:0:
418,35,120305,1,4,0:3:0:0:
503,76,120473,6,0,P|495:115|483:153,1,80,4|6,1:1|0:3,0:0:0:0:
316,124,120808,2,0,P|324:85|336:47,1,80,0|0,1:2|3:2,0:0:0:0:
404,191,121144,2,0,P|416:229|424:268,1,80,0|4,1:2|3:3,0:0:0:0:
319,384,121480,1,2,1:2:0:0:
284,262,121648,2,0,P|245:270|207:282,1,80,6|0,0:3|1:2,0:0:0:0:
82,360,121983,5,0,3:2:0:0:
82,360,122151,1,2,1:2:0:0:
206,282,122319,1,4,3:3:0:0:
57,277,122487,1,2,1:2:0:0:
206,282,122655,1,4,3:3:0:0:
86,200,122823,1,2,1:2:0:0:
181,372,122991,1,4,3:3:0:0:
194,188,123159,6,0,P|207:112|211:24,1,160,4|0,1:1|1:2,0:0:0:0:
18,19,123662,1,0,3:2:0:0:
17,18,123830,1,0,1:2:0:0:
109,34,123998,1,4,3:3:0:0:
109,34,124166,2,0,P|96:97|97:150,2,80,2|6|0,1:2|3:3|1:2,0:0:0:0:
249,95,124669,6,0,P|289:99|327:109,1,80,0|2,3:2|1:2,0:0:0:0:
387,175,125005,1,4,3:3:0:0:
410,90,125173,1,2,1:2:0:0:
327,109,125341,1,4,3:3:0:0:
471,206,125511,1,2,1:2:0:0:
308,223,125680,1,4,0:3:0:0:
441,372,125849,6,0,P|402:364|364:352,1,80,4|4,1:1|0:3,0:0:0:0:
393,185,126186,2,0,P|432:193|470:205,1,80,0|0,1:2|3:2,0:0:0:0:
315,255,126524,2,0,P|277:267|238:275,1,80,0|4,1:2|3:3,0:0:0:0:
64,329,126862,1,2,1:2:0:0:
156,168,127031,2,0,P|148:207|136:245,1,80.4735999689318,6|0,3:3|1:2,0:0:0:0:
173,363,127364,5,0,3:3:0:0:
173,363,127528,1,2,1:2:0:0:
44,239,127696,1,4,0:3:0:0:
237,275,127865,1,2,1:2:0:0:
70,162,128033,1,4,0:3:0:0:
256,191,128202,1,4,1:1:0:0:
125,92,128362,1,0,0:0:0:0:
259,79,128526,6,0,P|368:70|486:59,1,216,4|4,1:1|0:3,0:0:0:0:
481,147,129243,2,0,B|446:181|446:181|480:286,1,138.783355329701,0|4,1:2|0:3,0:0:0:0:
431,369,129754,2,0,P|367:328|390:246,1,144.432,4|4,1:1|0:3,0:2:0:0:
252,216,130255,5,0,1:2:0:0:
246,240,130338,1,0,1:0:0:0:
241,265,130422,1,0,1:2:0:0:
236,290,130505,1,0,1:2:0:0:
231,314,130588,1,0,1:2:0:0:
164,368,130755,1,8,0:3:0:0:
80,344,130922,1,4,0:3:0:0:
61,259,131088,1,4,0:3:0:0:
32,157,131255,5,4,1:1:0:0:
32,157,131755,1,4,0:3:0:0:
32,157,131922,2,0,P|140:144|243:25,1,256,6|6,1:2|1:2,0:2:0:0:
237,41,132776,1,4,0:3:0:0:
237,41,132947,1,4,0:3:0:0:
142,365,133280,6,0,P|224:343|340:335,1,192,2|0,1:2|3:2,0:0:0:0:
512,240,133954,2,0,P|506:308|483:380,1,128,4|0,0:3|0:2,0:2:0:0:
416,297,134459,1,4,0:3:0:0:
416,297,134627,2,0,P|430:211|461:94,1,192,2|0,1:2|1:2,0:2:0:0:
267,183,135470,1,4,0:3:0:0:
267,183,135638,1,4,0:3:0:0:
375,8,135975,2,0,P|364:71|349:133,1,128,2|0,1:2|3:2,0:0:0:0:
267,183,136480,5,0,1:2:0:0:
267,183,136564,1,0,1:2:0:0:
267,183,136649,2,0,P|191:169|71:162,1,192,0|4,1:1|0:3,0:0:0:0:
19,227,137322,2,0,P|20:291|38:361,2,128,6|0|0,1:2|0:2|0:2,0:2:0:0:
76,161,138165,1,4,0:3:0:0:
76,161,138333,1,4,0:3:0:0:
254,11,138670,2,0,P|268:73|269:136,1,128.759893441567,2|0,1:2|0:2,0:2:0:0:
337,221,139176,5,0,1:2:0:0:
337,221,139260,1,0,1:2:0:0:
337,221,139345,2,0,P|402:213|488:200,1,128,4|6,1:1|0:2,0:2:0:0:
175,163,140019,2,0,P|110:171|24:184,1,128,6|6,1:2|0:2,0:2:0:0:
219,330,140693,6,0,P|228:376|232:402,2,53.3333333333333,4|0|0,0:3|1:2|1:2,0:0:0:0:
266,262,141030,6,0,P|257:216|253:190,2,53.3333333333333,8|8|8,0:3|0:3|0:3,0:0:0:0:
175,110,141367,6,0,P|184:156|188:182,2,53.3333333333333,8|8|8,0:3|0:3|0:3,0:0:0:0:
233,52,141704,6,0,P|224:6|220:-20,2,53.3333333333333,4|4|4,0:3|0:3|0:3,0:0:0:0:
313,106,142041,6,0,P|382:98|499:32,1,192,4|4,1:1|0:3,0:0:0:0:
489,41,142715,1,4,1:2:0:0:
459,177,143052,2,0,P|471:235|491:314,1,128,2|0,0:2|0:2,0:0:0:0:
447,382,143558,1,0,0:2:0:0:
447,382,143727,1,4,0:3:0:0:
236,273,144064,6,0,P|154:251|62:328,1,192,2|0,1:2|1:2,0:0:0:0:
190,371,144738,2,0,P|258:365|330:342,1,128,4|0,0:3|0:0,0:0:0:0:
394,306,145243,1,4,0:3:0:0:
328,255,145412,2,0,P|322:187|299:115,1,128,0|6,1:2|0:3,0:2:0:0:
186,44,145918,1,0,1:2:0:0:
203,192,146255,1,4,0:3:0:0:
203,192,146423,1,4,0:3:0:0:
79,0,146760,2,0,P|85:68|108:140,1,128,2|0,1:2|1:2,0:0:0:0:
203,192,147266,5,4,0:3:0:0:
203,192,147350,1,4,0:3:0:0:
203,192,147434,2,0,P|289:182|399:174,1,192,4|4,1:1|0:3,0:0:0:0:
475,204,148109,1,2,1:2:0:0:
431,384,148446,2,0,P|418:326|410:243,1,128,0|2,3:2|0:2,0:0:0:0:
462,115,148951,1,4,0:3:0:0:
462,115,149120,1,4,0:3:0:0:
362,82,149288,5,0,1:2:0:0:
362,82,149373,1,0,1:2:0:0:
362,82,149457,1,0,1:2:0:0:
394,174,149625,1,8,0:3:0:0:
330,243,149794,1,4,0:3:0:0:
298,151,149962,1,0,0:0:0:0:
166,51,150130,6,0,P|158:109|144:191,1,128,4|0,1:1|0:0,0:2:0:0:
346,333,150811,2,0,P|354:275|368:193,1,128,4|0,1:1|0:0,0:2:0:0:
115,282,151492,2,0,P|173:290|255:304,1,128,4|0,1:1|0:0,0:2:0:0:
397,102,152174,2,0,P|339:94|257:80,1,128,4|0,1:1|0:0,0:2:0:0:
49,148,152842,5,0,1:2:0:0:
49,148,152925,1,0,3:2:0:0:
49,148,153008,2,0,P|9:159|-10:162,3,40,0|0|4|0,3:2|3:2|3:3|3:2,0:0:0:0:
154,131,153340,5,0,1:2:0:0:
170,142,153423,1,0,3:2:0:0:
186,153,153506,1,4,3:3:0:0:
203,165,153589,1,0,3:2:0:0:
219,176,153672,1,0,3:2:0:0:
236,187,153755,1,0,3:2:0:0:
252,199,153842,2,0,P|292:210|311:213,3,40,0|0|0|0,1:2|3:2|3:2|3:2,0:0:0:0:
373,183,154172,5,4,3:3:0:0:
373,183,154255,1,0,3:0:0:0:
373,183,154339,2,0,P|392:188|412:194,5,40,0|0|4|0|0|0,1:2|3:2|3:3|3:2|3:2|3:2,3:2:0:0:
463,293,154843,5,4,1:3:0:0:
463,293,154927,1,0,3:2:0:0:
463,293,155011,2,0,P|470:319|477:352,1,40,0|0,3:2|3:2,0:0:0:0:
388,384,155179,5,4,1:3:0:0:
388,384,155263,1,0,3:2:0:0:
388,384,155347,2,0,P|381:358|374:325,1,40,0|0,3:2|3:2,0:0:0:0:
285,298,155515,5,4,3:3:0:0:
271,322,155599,1,0,3:2:0:0:
251,341,155683,1,0,3:2:0:0:
226,353,155767,1,0,3:2:0:0:
198,357,155838,1,4,3:3:0:0:
170,352,155924,1,0,3:2:0:0:
146,338,156011,2,0,P|126:324|103:305,5,40,0|0|4|0|0|0,1:2|3:2|3:3|3:2|3:2|3:2,0:0:0:0:
36,261,156528,2,0,P|50:241|69:218,5,39.905226672034,4|0|0|0|4|0,3:3|3:2|3:2|3:2|3:3|3:2,0:0:0:0:
134,175,157033,5,2,1:3:0:0:
170,182,157118,1,2,1:3:0:0:
208,176,157202,1,2,1:3:0:0:
242,159,157286,1,2,1:3:0:0:
267,130,157371,1,2,1:3:0:0:
282,95,157455,1,2,1:3:0:0:
512,122,158222,6,0,P|450:110|362:91,1,144,4|0,1:1|0:2,0:2:0:0:
319,16,158558,2,0,P|375:7|446:-7,1,96,0|0,1:2|0:2,0:2:0:0:
512,122,158895,1,4,0:3:0:0:
377,209,159063,1,4,0:3:0:0:
512,122,159232,2,0,P|503:239|467:339,1,192,2|0,1:2|0:0,0:0:0:0:
353,383,159737,1,4,0:3:0:0:
255,286,159905,6,0,P|264:169|300:69,1,192,2|4,1:2|0:3,0:2:0:0:
377,209,160410,1,4,0:3:0:0:
286,98,160578,1,2,1:2:0:0:
416,46,160747,1,0,0:2:0:0:
286,98,160915,6,0,P|217:90|148:56,1,144,4|0,0:3|0:0,0:2:0:0:
84,8,161252,2,0,P|29:16|-37:34,1,96,0|0,1:2|3:2,0:0:0:0:
110,169,161589,1,4,0:3:0:0:
110,169,161757,1,4,0:3:0:0:
9,249,161925,2,0,P|-1:202|-8:154,1,96,2|4,1:2|0:3,0:0:0:0:
150,57,162262,6,0,P|219:71|258:188,1,192,0|2,0:0|1:2,0:0:0:0:
227,367,162767,1,0,3:2:0:0:
195,267,162935,2,0,P|261:283|290:290,1,96,4|4,0:3|0:3,0:0:0:0:
359,67,163276,2,0,P|425:83|454:90,1,96,2|0,1:2|0:2,0:2:0:0:
509,292,163616,6,0,P|462:202|355:200,2,192,4|0|4,0:3|1:2|0:3,0:2:0:0:
328,384,164455,1,4,0:3:0:0:
404,284,164623,2,0,P|315:297|211:312,1,192,2|0,1:2|0:0,0:0:0:0:
16,287,165126,1,4,0:3:0:0:
106,357,165294,6,0,P|118:310|139:247,1,96,2|0,1:2|3:2,0:2:0:0:
53,74,165630,2,0,P|41:121|20:184,1,96,4|4,0:3|0:3,0:0:0:0:
250,46,165966,2,0,P|203:34|140:13,1,96,2|0,1:2|0:0,0:2:0:0:
247,256,166302,5,4,1:1:0:0:
281,142,166469,1,4,0:3:0:0:
247,256,166637,1,0,1:2:0:0:
348,220,166805,5,4,0:3:0:0:
348,220,166889,1,4,0:3:0:0:
348,220,166973,1,4,0:3:0:0:
165,182,167141,1,4,0:3:0:0:
199,68,167309,1,0,1:2:0:0:
382,106,167477,1,0,1:2:0:0:
382,106,167561,1,0,1:2:0:0:
382,106,167645,2,0,P|417:113|441:119,2,48,0|0|0,1:2|1:2|1:2,0:0:0:0:
308,18,167980,5,4,0:3:0:0:
348,220,168148,1,4,3:3:0:0:
355,249,168232,1,4,3:3:0:0:
361,277,168316,1,0,1:2:0:0:
367,305,168400,1,0,1:2:0:0:
374,333,168484,2,0,P|408:348|433:357,2,47.8525932019117,0|0|0,1:2|1:2|1:2,0:0:0:0:
486,196,168820,1,4,0:3:0:0:
486,196,168906,1,4,0:3:0:0:
486,196,168993,6,0,P|419:221|347:219,1,144,4|0,1:1|0:0,0:2:0:0:
255,245,169337,2,0,P|264:189|287:125,1,96,2|0,1:2|0:2,0:2:0:0:
462,67,169682,1,4,0:3:0:0:
347,219,169854,1,4,0:3:0:0:
319,21,170027,2,0,P|229:52|135:39,1,190.860794202522,2|0,1:2|0:0,0:0:0:0:
115,267,170530,5,4,0:3:0:0:
33,90,170698,2,0,P|1:179|14:273,1,192,2|4,1:2|0:3,0:2:0:0:
133,360,171202,1,4,0:3:0:0:
100,174,171370,1,2,1:2:0:0:
212,287,171538,1,0,3:2:0:0:
285,183,171706,6,0,P|350:199|437:209,1,144,4|0,0:3|0:2,0:2:0:0:
512,180,172043,2,0,P|505:227|494:274,1,96,2|0,1:2|0:2,0:2:0:0:
391,327,172380,1,4,0:3:0:0:
427,117,172549,1,4,0:3:0:0:
302,239,172717,2,0,P|312:192|319:144,1,96,2|4,1:2|0:3,0:0:0:0:
53,67,173055,6,0,P|122:81|151:207,1,192,0|2,0:0|1:2,0:0:0:0:
173,294,173560,1,0,1:2:0:0:
78,266,173729,2,0,P|62:200|55:171,1,96,4|4,0:3|0:3,0:0:0:0:
218,0,174071,2,0,P|234:66|241:95,1,96,2|0,1:2|3:2,0:2:0:0:
398,263,174408,6,0,P|411:163|428:42,1,192,4|0,1:1|1:2,0:2:0:0:
455,0,174912,1,0,3:2:0:0:
502,64,175081,1,4,0:3:0:0:
328,136,175249,1,4,0:3:0:0:
498,194,175417,2,0,P|484:293|468:415,1,192,2|0,1:2|0:0,0:0:0:0:
472,384,175922,1,4,0:3:0:0:
311,271,176090,6,0,P|263:282|216:291,1,96,2|0,1:2|0:2,0:2:0:0:
26,384,176427,2,0,P|38:337|54:291,1,96,4|4,0:3|0:3,0:0:0:0:
76,131,176763,2,0,P|109:164|140:201,1,96,2|0,1:2|0:0,0:2:0:0:
287,373,177100,5,4,1:1:0:0:
247,194,177268,1,4,0:3:0:0:
287,373,177436,1,0,1:2:0:0:
181,305,177604,5,4,0:3:0:0:
181,305,177688,1,4,0:3:0:0:
181,305,177773,1,4,0:3:0:0:
360,265,177941,1,4,0:3:0:0:
320,86,178109,1,0,1:2:0:0:
427,150,178277,5,4,0:3:0:0:
247,194,178446,1,4,0:3:0:0:
223,45,178614,1,4,0:3:0:0:
117,124,178782,6,0,P|59:114|2:88,1,96,0|0,1:2|3:2,0:0:0:0:
9,299,179119,6,0,P|39:286|99:276,2,63.9999980468751,0|0|0,1:2|1:2|1:2,1:2:0:0:
144,324,179455,6,0,P|157:354|167:414,2,63.9999980468751,0|0|0,1:2|1:2|1:2,1:2:0:0:
214,257,179792,6,0,P|295:305|392:303,1,192,4|4,1:1|0:3,0:2:0:0:
464,257,180475,1,2,1:2:0:0:
422,66,180802,2,0,P|406:128|404:195,1,128,2|0,0:2|0:2,0:2:0:0:
464,257,181305,1,4,0:3:0:0:
389,303,181474,2,0,P|326:312|244:328,1,128,4|0,0:3|1:2,0:2:0:0:
53,318,182149,6,0,P|86:311|125:300,1,64,2|0,3:2|1:2,0:0:0:0:
186,258,182487,2,0,P|197:192|199:104,1,128,6|0,0:3|0:2,0:2:0:0:
156,57,182994,1,4,0:3:0:0:
199,131,183164,1,0,1:2:0:0:
325,41,183500,2,0,P|369:34|401:22,1,64,2|2,3:2|1:2,0:0:0:0:
477,0,183840,1,0,0:0:0:0:
477,0,184010,1,4,0:3:0:0:
512,112,184181,2,0,P|467:98|436:76,1,64,4|0,0:3|0:2,0:2:0:0:
325,41,184521,2,0,P|342:102|347:166,1,115.98250667399,0|2,1:2|0:3,0:0:0:0:
452,193,184999,5,2,1:2:0:0:
452,193,185084,1,2,1:2:0:0:
452,193,185169,2,0,P|359:218|342:312,1,192,4|4,1:1|0:3,0:0:0:0:
338,302,185850,1,0,1:2:0:0:
206,381,186191,2,0,P|148:368|65:360,1,128,4|0,0:3|0:0,0:0:0:0:
23,301,186702,1,4,0:3:0:0:
2,384,186872,1,4,0:3:0:0:
152,99,187213,5,0,1:2:0:0:
152,188,187381,1,0,0:2:0:0:
76,141,187549,1,0,3:2:0:0:
152,99,187718,1,2,1:2:0:0:
152,99,187802,1,2,1:2:0:0:
152,99,187886,2,0,P|209:89|285:81,1,128.379946671844,4|0,0:3|0:2,0:2:0:0:
336,150,188404,1,4,0:3:0:0:
489,46,188573,2,0,P|431:56|356:64,1,128,0|4,1:2|3:3,0:0:0:0:
336,150,189079,2,0,P|346:208|354:283,1,126.103466566783,4|2,0:3|1:2,0:2:0:0:
371,372,189580,1,4,0:3:0:0:
447,307,189748,5,0,1:2:0:0:
447,307,189833,1,0,1:2:0:0:
447,307,189917,1,0,1:2:0:0:
271,340,190086,1,0,1:2:0:0:
430,195,190254,1,0,1:2:0:0:
371,372,190423,1,0,1:2:0:0:
336,150,190580,1,0,1:2:0:0:
243,254,190752,5,8,0:3:0:0:
191,249,190925,1,4,0:3:0:0:
140,244,191097,1,4,0:3:0:0:
90,229,191267,6,0,P|105:175|124:86,2,127.240533374598,4|0|0,1:1|0:2|0:2,0:2:0:0:
60,317,192107,1,6,0:3:0:0:
60,317,192277,1,4,0:3:0:0:
208,351,192618,1,2,1:2:0:0:
242,203,192959,1,0,0:2:0:0:
310,281,193130,5,0,1:2:0:0:
310,281,193215,1,0,1:2:0:0:
310,281,193288,2,0,P|402:268|462:171,1,192,6|4,0:3|0:3,0:2:0:0:
458,192,193962,1,0,1:2:0:0:
413,23,194299,1,6,0:3:0:0:
413,23,194467,2,2,P|420:62|430:107,1,64,2|0,1:2|0:0,0:2:0:0:
354,183,194804,1,4,0:3:0:0:
354,183,194973,2,0,P|343:122|327:53,1,128,4|0,0:3|1:2,0:2:0:0:
187,21,195647,6,0,P|180:60|170:105,1,64,0|0,0:2|1:2,0:0:0:0:
174,83,195900,1,0,1:2:0:0:
174,83,195984,2,0,P|113:72|44:56,1,128,4|0,0:3|0:0,0:0:0:0:
126,169,196490,1,4,0:3:0:0:
44,190,196658,2,0,P|14:280|14:335,1,128,0|2,1:2|0:2,0:2:0:0:
75,375,197164,1,6,0:3:0:0:
219,284,197332,5,2,0:2:0:0:
219,284,197501,1,0,1:2:0:0:
310,269,197670,5,4,0:3:0:0:
181,365,197838,1,4,0:3:0:0:
171,212,198007,1,8,3:3:0:0:
284,365,198175,5,8,0:3:0:0:
266,182,198344,1,0,1:2:0:0:
449,332,198681,6,0,P|463:273|481:207,1,88,4|0,1:1|0:2,0:2:0:0:
390,54,199018,1,2,1:2:0:0:
390,54,199186,1,0,3:2:0:0:
390,54,199355,2,0,P|376:113|358:179,1,88,4|4,0:3|0:3,0:0:0:0:
266,182,199692,2,0,P|207:168|141:150,1,88,2|0,1:2|0:2,0:2:0:0:
87,115,200029,5,4,0:3:0:0:
239,80,200198,1,4,0:3:0:0:
150,45,200366,1,0,1:2:0:0:
193,257,200535,1,0,0:2:0:0:
11,370,200703,5,8,0:3:0:0:
2,345,200788,1,8,0:3:0:0:
0,318,200872,1,0,1:2:0:0:
4,292,200956,1,0,1:2:0:0:
15,269,201040,1,4,0:3:0:0:
32,248,201125,1,0,1:2:0:0:
53,233,201209,1,0,1:2:0:0:
77,223,201293,1,0,1:2:0:0:
103,219,201377,6,0,P|186:231|208:235,1,96,4|4,0:3|0:3,0:0:0:0:
460,184,201714,2,0,P|412:177|365:169,1,96,0|4,1:2|0:3,0:0:0:0:
248,112,202052,5,0,1:2:0:0:
317,277,202220,1,4,0:3:0:0:
248,112,202389,1,4,0:3:0:0:
358,37,202557,5,0,1:2:0:0:
280,191,202726,1,0,0:0:0:0:
358,37,202894,1,4,0:3:0:0:
466,174,203063,6,0,P|476:221|482:269,1,96,0|4,1:2|0:3,0:0:0:0:
280,191,203400,2,0,P|233:201|185:207,1,96,0|4,1:2|0:3,0:0:0:0:
375,176,203737,1,0,1:2:0:0:
106,133,204074,5,4,0:3:0:0:
185,207,204243,1,4,0:3:0:0:
106,133,204411,2,0,P|100:85|85:39,1,96,0|4,1:2|0:3,0:0:0:0:
17,291,204748,2,0,P|23:339|38:385,1,96,0|4,1:2|0:3,0:0:0:0:
0,195,205085,1,4,0:3:0:0:
91,227,205254,2,0,P|138:222|184:207,1,96,0|0,1:2|0:0,0:2:0:0:
293,145,205591,1,4,0:3:0:0:
256,0,205759,1,0,1:2:0:0:
303,245,205928,5,0,1:2:0:0:
325,253,206012,1,0,1:2:0:0:
349,256,206097,1,0,1:2:0:0:
373,254,206179,1,0,1:2:0:0:
396,248,206262,1,0,1:2:0:0:
418,238,206345,1,0,1:2:0:0:
437,224,206428,1,8,0:3:0:0:
453,206,206511,1,8,0:3:0:0:
466,186,206594,1,4,0:3:0:0:
474,163,206677,1,4,0:3:0:0:
478,140,206760,6,0,P|492:74|503:28,1,96,4|4,1:1|0:3,0:0:0:0:
263,139,207097,2,0,P|329:153|375:164,1,96,0|4,1:2|0:3,0:0:0:0:
357,160,207434,1,0,1:2:0:0:
320,341,207602,1,4,0:3:0:0:
320,341,207771,1,4,0:3:0:0:
278,243,207939,5,0,1:2:0:0:
415,279,208108,1,0,1:2:0:0:
278,243,208276,1,4,0:3:0:0:
158,340,208445,6,0,P|116:354|52:367,1,96,0|4,1:2|0:3,0:2:0:0:
0,175,208782,2,0,P|42:189|106:202,1,96,0|4,1:2|0:3,0:0:0:0:
224,168,209119,5,0,1:2:0:0:
252,167,209203,1,0,1:0:0:0:
279,159,209288,1,0,1:2:0:0:
303,142,209372,1,0,1:2:0:0:
320,119,209456,1,0,1:2:0:0:
300,36,209625,1,8,0:3:0:0:
300,36,209793,1,4,0:3:0:0:
335,233,209962,5,4,1:1:0:0:
256,192,210046,12,0,217630,0:2:0:0:
