osu file format v14

[General]
AudioFilename: audio.mp3
AudioLeadIn: 0
PreviewTime: 65939
Countdown: 0
SampleSet: Soft
StackLeniency: 0.4
Mode: 0
LetterboxInBreaks: 0
WidescreenStoryboard: 1

[Editor]
Bookmarks: 11128,21895,32689,43476,54262,65049,86622,108195,129768,138664,151341,156734,178307,199880,208476
DistanceSpacing: 0.2
BeatDivisor: 4
GridSize: 32
TimelineZoom: 3.119999

[Metadata]
Title:confess
TitleUnicode:confess
Artist:Fennel
ArtistUnicode:Fennel
Creator:Mir
Version:normal
Source:
Tags:japanese rock indie punk like a fool nekroman4ik
BeatmapID:5537161
BeatmapSetID:2509362

[Difficulty]
HPDrainRate:3
CircleSize:3
OverallDifficulty:3
ApproachRate:5
SliderMultiplier:1
SliderTickRate:1

[Events]
//Background and Video events
0,0,"camera.jpeg",0,0
//Break Periods
2,109872,113699
//Storyboard Layer 0 (Background)
//Storyboard Layer 1 (Fail)
//Storyboard Layer 2 (Pass)
//Storyboard Layer 3 (Foreground)
//Storyboard Layer 4 (Overlay)
//Storyboard Sound Samples

[TimingPoints]
1488,342.0753,4,2,0,70,1,8
1488,-100,4,2,0,70,0,8
1830,337.07867,4,2,0,70,1,0
1830,-100,4,2,0,70,0,0
4526,336.5115,4,2,0,70,1,0
4526,-100,4,2,0,70,0,0
6188,343.249430543537,4,2,0,70,1,0
6188,-100,4,2,0,70,0,0
6874,-100,4,2,0,70,0,8
7220,336.700339227006,4,2,0,70,1,0
7220,-100,4,2,0,70,0,0
9911,340.52213652306,4,2,0,70,1,0
9911,-100,4,2,0,70,0,0
11614,332.963376499752,4,2,0,70,1,8
11614,-100,4,2,0,70,0,8
11946,-96.1538461538461,4,2,0,70,0,8
12265,340.13608,4,2,0,70,1,8
12265,-100,4,2,0,70,0,8
12600,340.136055046058,4,2,0,70,1,0
12600,-100,4,2,0,70,0,0
13949,343.642612321077,4,2,0,70,1,0
13949,-100,4,2,0,70,0,0
14983,336.13446,4,2,0,70,1,8
14983,-100,4,2,0,70,0,8
15315,334.075729973283,4,2,0,70,1,0
15315,-100,4,2,0,70,0,0
17316,333.704121812984,4,2,0,70,1,0
17316,-100,4,2,0,70,0,0
17654,321.199149147109,4,2,0,70,1,0
17654,-100,4,2,0,70,0,0
17988,343.249434402148,4,2,0,70,1,0
17988,-100,4,2,0,70,0,0
19016,335.00836,4,2,0,70,1,8
19016,-100,4,2,0,70,0,8
19351,337.837822370457,4,2,0,70,1,0
19351,-100,4,2,0,70,0,0
20695,337.837822370457,4,2,0,70,1,0
20695,-100,4,2,0,70,0,0
23387,337.837822370457,4,2,0,70,1,0
23387,-111.111111111111,4,2,0,70,0,0
23893,-119.331737000724,4,2,0,50,0,0
24395,-100,4,2,0,50,0,8
24405,350.26268015236,4,2,0,50,1,8
24484,-100,4,2,0,50,0,8
25074,336.511481904407,4,2,0,50,1,8
25074,-100,4,2,0,50,0,8
26251,-111.111111111111,4,2,0,50,0,8
26411,354.40045526261,4,2,0,50,1,8
26411,-100,4,2,0,50,0,8
26588,-111.111111111111,4,2,0,50,0,8
27091,338.0282,4,2,0,50,1,8
27091,-100,4,2,0,50,0,8
27429,338.409457592152,4,2,0,50,1,0
27429,-100,4,2,0,50,0,0
28951,-111.111111111111,4,2,0,50,0,0
30462,339.366497862708,4,2,0,50,1,8
30462,-100,4,2,0,50,0,8
31141,337.07867,4,2,0,50,1,8
31141,-100,4,2,0,50,0,8
31478,336.88934,4,2,0,50,1,0
31478,-100,4,2,0,50,0,0
31646,-111.111111111111,4,2,0,50,0,0
37879,338.0282,4,2,0,50,1,8
37879,-100,4,2,0,50,0,8
38217,338.0282,4,2,0,50,1,0
38217,-100,4,2,0,50,0,0
38555,-111.111111111111,4,2,0,50,0,0
40921,335.946249209228,4,2,0,50,1,0
40921,-100,4,2,0,50,0,0
41256,-111.111111111111,4,2,0,50,0,0
42259,342.27037750166,4,2,0,60,1,0
42259,-111.111111111111,4,2,0,60,0,0
43287,337.26816,4,2,0,60,1,8
43287,-111.111111111111,4,2,0,60,0,8
43624,337.26816,4,2,0,60,1,0
43624,-100,4,2,0,60,0,0
43792,-111.111111111111,4,2,0,60,0,0
44973,333.518652590504,4,2,0,60,1,0
44973,-111.111111111111,4,2,0,60,0,0
46302,340.136086803647,4,2,0,60,1,0
46302,-111.111111111111,4,2,0,60,0,0
49683,370.599173710642,4,2,0,60,1,8
49683,-100,4,2,0,60,0,8
50031,337.07867,4,2,0,60,1,8
50031,-100,4,2,0,60,0,8
50368,336.5115,4,2,0,60,1,0
50368,-111.111111111111,4,2,0,60,0,0
54406,332.778704631216,4,2,0,60,1,0
54406,-111.111111111111,4,2,0,60,0,0
55737,346.220429676764,4,2,0,60,1,0
55737,-111.111111111111,4,2,0,60,0,0
57122,327.689789394884,4,2,0,60,1,0
57122,-111.111111111111,4,2,0,60,0,0
58432,338.791645697624,4,2,0,60,1,0
58432,-100,4,2,0,60,0,0
58601,-111.111111111111,4,2,0,60,0,0
60802,338.0282,4,2,0,60,1,8
60802,-100,4,2,0,60,0,8
61140,339.366538200283,4,2,0,70,1,0
61140,-111.111111111111,4,2,0,70,0,0
63498,339.366538200283,4,2,0,70,1,8
63498,-100,4,2,0,70,0,0
63838,339.366538200283,4,2,0,70,1,0
63838,-111.111111111111,4,2,0,70,0,0
65868,330.032986301028,4,2,0,70,1,8
65868,-111.111111111111,4,2,0,70,0,8
66533,338.218746786719,4,2,0,80,1,1
66533,-100,4,2,0,80,0,1
69243,328.048143844512,4,2,0,80,1,1
69243,-100,4,2,0,80,0,1
69899,341.102931940877,4,2,0,80,1,9
69899,-100,4,2,0,80,0,1
70582,341.102931940877,4,2,0,80,1,1
71942,328.947398707583,4,2,0,80,1,1
71942,-100,4,2,0,80,0,1
72600,340.136086803647,4,2,0,80,1,1
72600,-100,4,2,0,80,0,1
73280,336.322901615054,4,2,0,80,1,1
73280,-100,4,2,0,80,0,1
77988,358.422975025501,4,2,0,80,1,9
77988,-100,4,2,0,80,0,9
78681,335.946200884238,4,2,0,80,1,1
78681,-100,4,2,0,80,0,1
80014,334.075676644628,4,2,0,80,1,1
80014,-100,4,2,0,80,0,1
81027,362.318785078029,4,2,0,80,1,1
81027,-100,4,2,0,80,0,1
81388,331.308622835826,4,2,0,80,1,1
81388,-100,4,2,0,80,0,1
82720,336.700288769898,4,2,0,80,1,1
82720,-100,4,2,0,80,0,1
88107,-100,4,2,0,70,0,0
88612,-111.111111111111,4,2,0,60,0,0
89126,337.64774,4,2,0,60,1,8
89126,-111.111111111111,4,2,0,60,0,8
89458,337.64774,4,2,0,60,1,0
89458,-100,4,2,0,60,0,0
90133,-111.111111111111,4,2,0,60,0,0
97227,336.13446,4,2,0,60,1,8
97227,-100,4,2,0,60,0,8
97395,-111.111111111111,4,2,0,60,0,8
97563,335.57047,4,2,0,60,1,0
97563,-100,4,2,0,60,0,0
98234,-111.111111111111,4,2,0,60,0,0
101255,338.0282,4,2,0,60,1,8
101255,-100,4,2,0,60,0,8
101593,338.600470697449,4,2,0,60,1,0
101593,-111.111111111111,4,2,0,60,0,0
104295,338.600470697449,4,2,0,60,1,0
104295,-111.111111111111,4,2,0,60,0,0
108006,336.13446,4,2,0,60,1,8
108006,-111.111111111111,4,2,0,60,0,8
108342,-100,4,2,0,60,0,0
108357,331.491741337566,4,2,0,60,1,0
108357,-100,4,2,0,60,0,0
108522,-111.111111111111,4,2,0,60,0,0
109019,326.086984226134,4,2,0,60,1,0
109019,-100,4,2,0,60,0,0
109672,337.078681288979,4,2,0,60,1,0
109672,-100,4,2,0,60,0,0
110688,337.26816,4,2,0,60,1,8
110688,-100,4,2,0,60,0,8
111023,337.078683487741,4,2,0,60,1,0
111023,-100,4,2,0,60,0,0
115067,-111.111111111111,4,2,0,60,0,0
116085,336.70032,4,2,0,60,1,8
116085,-111.111111111111,4,2,0,60,0,8
116421,336.70032,4,2,0,60,1,0
116421,-100,4,2,0,60,0,0
116757,-111.111111111111,4,2,0,60,0,0
117767,342.465736147495,4,2,0,60,1,0
117767,-100,4,2,0,60,0,0
117938,-111.111111111111,4,2,0,60,0,0
119137,333.889799937904,4,2,0,60,1,0
119137,-100,4,2,0,60,0,0
119470,-111.111111111111,4,2,0,60,0,0
120473,335.758237450066,4,2,0,70,1,0
120473,-111.111111111111,4,2,0,70,0,0
125511,338.0282,4,2,0,70,1,8
125511,-100,4,2,0,70,0,8
125849,337.83786,4,2,0,70,1,0
125849,-100,4,2,0,70,0,0
126017,-111.111111111111,4,2,0,70,0,0
127200,328.587029926659,4,2,0,70,1,0
127528,337.078651685393,4,2,0,70,1,1
128202,320.855614973262,4,2,0,70,1,1
128526,358.851655671116,4,2,0,70,1,0
128526,-100,4,2,0,70,0,0
128705,-111.111111111111,4,2,0,70,0,0
129588,333.333333333333,4,2,0,70,1,8
129588,-100,4,2,0,70,0,8
129754,-111.111111111111,4,2,0,70,0,8
129922,333.333333333333,4,2,0,70,1,0
130255,-111.111111111111,4,2,0,70,0,0
131255,-111.111111111111,4,2,0,60,0,0
131922,341.880341880342,4,2,0,60,1,0
131922,-100,4,2,0,60,0,0
132434,-111.111111111111,4,2,0,60,0,0
133280,337.07867,4,2,0,60,1,8
133280,-111.111111111111,4,2,0,60,0,8
133954,336.88934,4,2,0,60,1,0
133954,-111.111111111111,4,2,0,60,0,0
139008,337.07867,4,2,0,60,1,8
139008,-100,4,2,0,60,0,8
139345,337.07867,4,2,0,60,1,0
139345,-111.111111111111,4,2,0,60,0,0
143642,-111.111111111111,4,2,0,5,0,0
143727,-111.111111111111,4,2,0,60,0,0
146339,-111.111111111111,4,2,0,5,0,0
146423,-111.111111111111,4,2,0,60,0,0
150130,340.71552126731,4,2,0,60,1,0
150130,-100,4,2,0,60,0,0
152842,332.225931412334,4,2,0,70,1,0
152842,-111.111111111111,4,2,0,70,0,0
153842,335.75827,4,2,0,70,1,8
153842,-100,4,2,0,70,0,8
154172,335.94623,4,2,0,70,1,0
154172,-111.111111111111,4,2,0,70,0,0
155838,347.624545553413,4,2,0,70,1,8
155838,-100,4,2,0,70,0,8
156011,-111.111111111111,4,2,0,70,0,8
156528,337.64774,4,2,0,70,1,8
156528,-111.111111111111,4,2,0,70,0,8
156865,337.457836873391,4,2,0,70,1,0
156865,-100,4,2,0,70,0,0
157033,-111.111111111111,4,2,0,70,0,0
157708,-111.111111111111,4,2,0,60,0,0
158222,336.700355715296,4,2,0,80,1,1
158222,-100,4,2,0,80,0,1
163276,339.366516043027,4,2,0,80,1,9
163276,-100,4,2,0,80,0,9
163616,335.758254258647,4,2,0,80,1,1
163616,-100,4,2,0,80,0,1
168648,345.02588,4,2,0,80,1,9
168648,-100,4,2,0,80,0,9
168993,344.6295,4,2,0,80,1,1
168993,-100,4,2,0,80,0,1
170027,337.07867,4,2,0,80,1,9
170027,-100,4,2,0,80,0,9
170362,336.13447199366,4,2,0,80,1,1
170362,-100,4,2,0,80,0,1
171706,337.268146497091,4,2,0,80,1,1
171706,-100,4,2,0,80,0,1
174071,337.07867,4,2,0,80,1,9
174071,-100,4,2,0,80,0,9
174408,336.5115,4,2,0,80,1,1
174408,-100,4,2,0,80,0,1
179792,-100,4,2,0,80,0,0
180475,328.587029926659,4,2,0,80,1,8
180802,335.57047,4,2,0,80,1,8
180802,-100,4,2,0,80,0,8
181137,337.647721081727,4,2,0,80,1,0
181137,-100,4,2,0,80,0,0
182487,338.600451672263,4,2,0,80,1,0
182487,-100,4,2,0,80,0,0
183500,340.522134146034,4,2,0,80,1,0
183500,-100,4,2,0,80,0,0
184829,340.13608,4,2,0,80,1,8
184829,-100,4,2,0,80,0,8
185169,340.715497859522,4,2,0,80,1,0
185169,-100,4,2,0,80,0,0
187213,336.889383393308,4,2,0,80,1,0
187213,-100,4,2,0,80,0,0
188223,-100,4,2,0,80,0,8
188236,337.4578,4,2,0,80,1,8
188236,-100,4,2,0,80,0,8
189243,337.26816,4,2,0,80,1,0
189243,-100,4,2,0,80,0,0
190580,345.025896129156,4,2,0,80,1,8
190580,-100,4,2,0,80,0,8
191267,337.07867,4,2,0,80,1,8
191267,-100,4,2,0,80,0,8
191937,340.909109642304,4,2,0,80,1,0
191937,-100,4,2,0,80,0,0
193288,337.07867,4,2,0,80,1,0
193288,-100,4,2,0,80,0,0
206097,331.491730419706,4,2,0,80,1,8
206097,-100,4,2,0,80,0,8
206760,337.07867,4,2,0,80,1,0
206760,-100,4,2,0,80,0,0
209962,337.078651685393,4,2,0,80,1,0
209962,-100,4,2,0,80,0,0
210130,-100,4,2,0,60,0,0
212153,-100,4,2,0,40,0,0
214849,-100,4,2,0,20,0,0
217546,-100,4,2,0,5,0,0


[Colours]
Combo1 : 82,197,151
Combo2 : 241,130,97
Combo3 : 250,177,80

[HitObjects]
471,354,1488,5,0,1:2:0:0:
471,354,1830,5,4,1:1:0:0:
422,271,2167,1,0,1:0:0:0:
472,190,2504,2,0,L|447:79,1,100,0|4,1:2|0:3,0:0:0:0:
404,70,3009,1,0,1:2:0:0:
304,83,3346,1,4,0:3:0:0:
304,83,3515,2,0,P|237:52|226:17,2,100,0|0|0,1:2|1:2|1:2,0:0:0:0:
344,174,4526,5,4,0:3:0:0:
348,273,4862,1,0,1:2:0:0:
286,352,5199,2,0,P|216:331|176:317,1,100,0|4,1:2|0:3,0:0:0:0:
150,352,5703,2,0,P|105:342|85:285,1,100,0|4,1:2|0:3,0:0:0:0:
114,256,6188,1,0,1:2:0:0:
65,168,6531,2,0,L|79:117,1,50,4|0,0:3|1:2,0:0:0:0:
126,105,6874,2,0,L|140:54,1,50,8|4,0:3|0:3,0:0:0:0:
116,12,7220,5,4,1:1:0:0:
215,1,7556,1,0,1:2:0:0:
262,89,7893,2,0,B|280:109|280:109|258:201,1,100,0|4,1:2|0:3,0:0:0:0:
254,229,8398,2,0,L|357:253,1,100,0|4,1:2|0:3,0:0:0:0:
345,301,8903,1,0,1:2:0:0:
423,362,9240,1,0,1:2:0:0:
511,314,9576,1,0,1:2:0:0:
500,214,9911,6,0,L|481:98,1,100,4|0,1:1|1:2,0:2:0:0:
459,71,10421,2,0,L|355:39,1,100,4|0,1:1|1:2,0:2:0:0:
317,20,10932,6,0,L|298:136,1,100,4|0,1:1|1:2,0:2:0:0:
276,163,11443,2,0,L|172:195,1,99.1190000066863,4|4,1:1|0:3,0:2:0:0:
142,159,11946,2,0,L|36:110,1,99.6876533356512,4|4,0:3|0:3,0:0:0:0:
53,216,12600,5,4,1:1:0:0:
111,296,12940,1,0,1:2:0:0:
196,347,13280,2,0,P|205:282|219:231,1,100,0|4,1:2|0:3,0:0:0:0:
263,254,13790,2,0,P|254:189|240:138,1,97.0600000053961,0|4,1:2|0:3,0:0:0:0:
271,116,14292,2,0,P|329:82|381:89,2,100.583666665588,0|0|0,1:2|1:2|1:2,0:0:0:0:
204,190,15315,5,4,1:1:0:0:
105,209,15649,1,0,1:2:0:0:
27,146,15983,2,0,P|19:78|5:31,1,100,0|4,1:2|0:3,0:0:0:0:
45,11,16484,2,0,P|107:33|155:36,1,100,0|4,1:2|0:3,0:2:0:0:
189,26,16985,1,0,1:2:0:0:
252,103,17316,2,0,P|285:93|313:88,1,50,0|0,1:2|1:3,0:0:0:0:
322,45,17654,2,0,P|355:55|383:60,1,50,8|4,0:3|0:3,0:0:0:0:
395,101,17988,5,4,1:1:0:0:
482,148,18331,1,4,1:1:0:0:
398,202,18674,2,0,P|380:260|373:306,1,99.7086666721704,0|4,1:2|0:3,0:0:0:0:
351,343,19183,2,0,P|285:354|245:367,1,100.298500013552,0|4,1:2|0:3,0:2:0:0:
218,328,19688,1,0,1:2:0:0:
277,247,20026,1,0,1:2:0:0:
205,176,20364,1,0,1:2:0:0:
124,235,20695,6,0,P|79:215|63:169,1,100,4|0,1:1|1:2,0:2:0:0:
32,130,21201,2,0,P|47:84|92:64,1,100,4|0,1:1|1:2,0:2:0:0:
131,33,21708,6,0,P|195:61|236:71,1,100,4|0,1:1|1:2,0:2:0:0:
249,111,22215,2,0,P|313:83|354:73,1,100,4|4,1:1|0:3,0:2:0:0:
391,70,22722,2,0,P|402:38|411:19,2,50,4|4|4,2:3|2:3|2:3,0:0:0:0:
456,139,23387,5,4,1:1:0:0:
456,139,23555,2,0,P|467:174|473:188,1,45,4|2,0:3|1:2,0:0:0:0:
489,222,23893,2,0,P|454:233|380:291,1,125.700005522496,4|0,0:3|1:2,0:2:0:0:
216,353,25074,1,0,1:2:0:0:
86,229,25747,1,0,1:2:0:0:
147,163,26083,5,4,0:3:0:0:
147,163,26251,2,0,P|160:130|165:106,1,42.860399900992,4|2,0:3|1:2,0:0:0:0:
167,76,26588,2,0,P|118:53|75:36,1,90.0000000000001,4|2,0:3|0:2,0:2:0:0:
43,58,27091,1,0,1:2:0:0:
14,235,27767,1,0,1:2:0:0:
156,345,28444,1,0,1:2:0:0:
230,295,28782,5,4,0:3:0:0:
230,295,28951,2,0,P|237:260|240:248,1,45.0000000000001,4|2,0:3|1:2,0:0:0:0:
244,206,29290,2,0,P|291:239|380:274,1,135,4|0,0:3|1:2,0:2:0:0:
504,159,30462,1,0,1:2:0:0:
416,1,31141,1,0,1:2:0:0:
334,39,31478,5,4,0:3:0:0:
334,39,31646,2,0,L|320:89,1,45,4|2,0:3|1:2,0:0:0:0:
316,127,31983,2,0,P|260:135|215:147,1,90.0000000000001,4|4,0:3|0:3,0:2:0:0:
195,111,32488,1,2,1:2:0:0:
102,209,32994,1,4,0:3:0:0:
102,209,33162,2,0,P|89:179|80:159,2,45,0|4|4,1:2|0:3|0:3,0:0:0:0:
55,286,33836,1,4,1:2:0:0:
114,353,34173,6,0,P|178:362|212:377,1,90.0000000000001,4|0,1:1|1:2,0:2:0:0:
242,352,34678,2,0,P|256:311|285:255,1,90.0000000000001,6|0,0:3|0:2,0:2:0:0:
317,241,35183,1,2,1:2:0:0:
451,243,35689,1,4,0:3:0:0:
451,243,35857,2,0,P|481:227|495:160,1,90.0000000000001,2|6,1:2|0:3,0:2:0:0:
486,133,36362,1,6,0:3:0:0:
486,133,36531,1,0,1:2:0:0:
438,56,36868,6,0,P|374:43|337:29,1,90.0000000000001,4|2,0:3|1:2,0:0:0:0:
311,13,37373,2,0,P|291:31|281:98,1,90.0000000000001,4|4,0:3|0:3,0:2:0:0:
301,129,37879,1,2,1:2:0:0:
189,205,38386,1,4,0:3:0:0:
189,205,38555,2,0,P|155:185|96:169,1,90.0000000000001,2|6,1:2|0:3,0:2:0:0:
90,128,39062,1,6,0:3:0:0:
90,128,39231,1,0,1:2:0:0:
133,48,39569,6,0,P|176:35|215:13,1,90.0000000000001,4|0,0:3|1:2,0:0:0:0:
258,24,40076,2,0,P|296:56|288:109,1,90.0000000000001,4|4,0:3|0:3,0:2:0:0:
270,130,40583,1,2,1:2:0:0:
357,240,41088,1,4,0:3:0:0:
357,240,41256,2,0,P|399:233|460:226,1,90.0000000000001,2|6,1:2|0:3,0:2:0:0:
474,191,41760,1,6,0:3:0:0:
474,191,41928,1,0,1:2:0:0:
430,112,42259,6,0,P|410:85|384:36,1,90.0000000000001,4|0,1:1|1:2,0:2:0:0:
350,4,42772,2,0,P|330:31|304:80,1,90.0000000000001,4|4,1:1|0:3,0:2:0:0:
277,117,43287,6,0,P|234:126|206:177,1,89.999997253418,0|4,1:2|0:3,0:0:0:0:
198,205,43792,2,0,P|172:240|129:249,1,90.0000000000001,4|4,1:1|0:3,0:2:0:0:
89,227,44298,2,0,P|67:196|55:183,2,45.0000000000001,4|4|0,0:3|0:3|1:2,0:0:0:0:
43,304,44973,6,0,P|66:334|172:339,1,135,4|4,1:1|0:3,0:2:0:0:
187,313,45640,1,2,1:2:0:0:
271,344,45973,1,0,0:2:0:0:
327,274,46302,2,0,P|313:235|309:222,2,45,0|4|6,3:2|0:3|0:3,0:0:0:0:
415,292,46982,1,2,1:2:0:0:
496,184,47492,5,0,1:2:0:0:
496,184,47662,2,0,P|465:179|385:60,1,180,4|2,0:3|1:2,0:2:0:0:
313,11,48682,2,0,P|279:23|265:26,1,45,2|2,0:2|1:3,0:0:0:0:
240,58,49023,2,0,P|218:52|197:44,2,45,0|4|4,0:2|0:3|0:3,0:0:0:0:
297,126,49683,1,0,1:2:0:0:
297,126,49868,1,6,0:3:0:0:
253,205,50199,1,0,1:2:0:0:
253,205,50368,6,0,B|153:198|182:273|78:258,1,180,4|2,0:3|1:2,0:0:0:0:
22,198,51377,2,0,P|13:146|3:97,1,90.0000000000001,0|0,3:2|0:2,0:0:0:0:
41,82,51882,1,4,0:3:0:0:
41,82,52050,1,4,0:3:0:0:
119,37,52387,1,2,1:2:0:0:
201,73,52723,1,0,0:2:0:0:
278,27,53060,6,0,P|328:43|383:53,1,90.0000000000001,4|2,0:3|0:2,0:2:0:0:
447,16,53733,2,0,P|465:77|481:107,1,90.0000000000001,2|6,1:2|0:3,0:2:0:0:
447,134,54237,1,4,0:3:0:0:
447,134,54406,2,0,P|427:163|418:189,2,45,0|0|4,3:2|1:2|1:1,0:0:0:0:
370,86,55071,2,0,P|335:92|310:104,1,45,0|8,1:2|0:3,0:0:0:0:
289,121,55404,2,0,P|254:114|229:102,1,45,4|4,0:3|0:3,0:0:0:0:
212,142,55737,6,0,L|229:278,1,135,4|4,1:1|0:3,0:2:0:0:
214,318,56429,1,2,1:2:0:0:
87,365,56948,1,0,3:2:0:0:
87,365,57122,2,0,P|53:349|3:335,1,90.0000000000001,2|6,3:2|0:3,0:2:0:0:
10,290,57613,1,2,0:2:0:0:
10,290,57777,1,2,1:2:0:0:
63,217,58105,2,0,P|54:170|42:114,1,89.999997253418,2|4,0:2|0:3,0:2:0:0:
51,84,58601,2,0,P|95:74|139:66,1,90.0000000000001,0|4,1:2|0:3,0:2:0:0:
170,33,59109,5,6,1:2:0:0:
244,83,59448,1,4,1:1:0:0:
207,165,59787,1,2,0:2:0:0:
223,253,60125,2,0,P|216:282|212:306,2,45,4|4|4,0:3|0:3|0:3,0:0:0:0:
305,289,60802,1,0,1:2:0:0:
376,235,61140,6,0,P|423:219|466:208,1,90.0000000000001,4|2,0:3|1:2,0:0:0:0:
446,120,61818,2,0,P|402:108|359:93,1,90.0000000000001,4|2,0:3|1:2,0:0:0:0:
341,134,62327,2,0,L|323:31,1,90.0000000000001,4|4,0:3|0:3,0:2:0:0:
313,1,62836,1,2,1:2:0:0:
224,18,63176,1,4,0:3:0:0:
240,111,63498,1,2,1:2:0:0:
254,199,63838,6,0,P|267:261|275:306,2,90.0000000000001,4|4|4,1:1|3:3|3:3,0:0:0:0:
168,214,64856,1,0,3:2:0:0:
168,214,65025,2,0,P|181:276|189:321,1,90.0000000000001,4|0,3:3|3:2,3:2:0:0:
160,339,65534,1,4,3:3:0:0:
69,360,65868,2,0,P|40:342|23:334,1,45,0|0,3:2|1:2,0:0:0:0:
46,295,66198,2,0,P|38:261|31:244,1,45,0|0,1:2|1:2,0:0:0:0:
52,210,66533,6,0,P|116:205|162:190,1,100,4|2,1:1|1:2,0:2:0:0:
204,110,67209,2,0,P|216:78|228:56,1,50,4|4,0:3|0:3,0:0:0:0:
253,23,67547,1,2,1:2:0:0:
253,23,67716,2,0,P|295:31|358:39,1,100,4|4,0:3|0:3,0:2:0:0:
361,87,68224,1,2,1:2:0:0:
459,69,68562,2,0,P|474:42|485:19,2,50,4|4|2,0:3|0:3|1:2,0:0:0:0:
364,101,69243,6,0,P|371:156|385:205,1,100,4|0,0:3|1:2,0:2:0:0:
467,251,69899,2,0,P|448:267|431:288,1,50,4|4,0:3|0:3,0:0:0:0:
419,337,70240,1,2,1:2:0:0:
419,337,70410,2,0,P|372:318|317:305,1,100.293166638677,0|4,0:2|0:3,0:0:0:0:
286,338,70923,1,0,1:2:0:0:
186,326,71264,2,0,P|171:363|166:382,2,50,4|4|2,0:3|0:3|1:2,0:0:0:0:
240,241,71942,6,0,P|234:186|224:126,1,100,4|0,0:3|1:2,2:2:0:0:
268,50,72600,2,0,P|243:43|221:29,1,50,4|4,0:3|0:3,0:2:0:0:
181,13,72940,1,2,1:2:0:0:
181,13,73110,2,0,P|132:36|85:43,1,99.4120000559792,6|4,0:3|0:3,0:2:0:0:
37,38,73616,1,2,1:2:0:0:
86,124,73952,2,0,P|126:134|138:137,2,50,4|4|2,0:3|0:3|1:2,0:0:0:0:
28,205,74625,5,4,1:1:0:0:
59,299,74961,1,0,1:2:0:0:
151,336,75297,1,4,0:3:0:0:
245,303,75634,2,0,L|234:249,2,50,0|4|4,1:2|0:3|0:3,0:0:0:0:
331,352,76306,5,0,1:2:0:0:
417,301,76643,1,8,0:3:0:0:
417,301,76811,2,0,P|446:309|471:320,2,50,0|0|0,1:2|1:2|1:2,0:0:0:0:
405,252,77315,6,0,P|390:183|383:133,1,100,4|0,1:1|1:2,0:2:0:0:
436,67,77988,2,0,P|412:61|382:47,1,50,6|4,0:3|0:3,0:2:0:0:
348,20,78346,1,2,1:2:0:0:
348,20,78525,2,0,P|317:36|248:49,1,90.2350009796359,4|4,0:3|0:3,0:2:0:0:
205,33,79016,1,2,1:2:0:0:
117,81,79352,2,0,P|106:48|100:30,2,50,4|4|2,0:3|0:3|1:2,0:0:0:0:
197,140,80014,6,0,P|233:174|241:235,1,100,4|2,0:3|1:2,0:2:0:0:
242,321,80682,2,0,P|219:336|200:350,1,50,4|4,0:3|0:3,0:0:0:0:
152,361,81027,1,2,1:2:0:0:
152,361,81208,2,0,P|117:351|48:337,1,95.3079992812575,4|4,0:3|0:3,0:0:0:0:
6,349,81719,1,0,1:2:0:0:
35,253,82050,2,0,P|26:234|18:197,2,50,4|4|2,0:3|0:3|1:2,0:0:0:0:
135,254,82720,6,0,B|156:199|183:223|197:168,1,100,4|0,0:3|1:2,0:2:0:0:
206,77,83393,2,0,P|203:47|193:28,1,50,4|4,0:3|0:3,0:2:0:0:
240,10,83730,1,2,1:2:0:0:
240,10,83898,2,0,P|260:34|343:57,1,100,4|4,0:3|0:3,0:2:0:0:
372,57,84403,1,2,1:2:0:0:
447,122,84740,2,0,P|474:141|498:158,2,50,4|4|4,0:3|0:3|1:1,0:2:0:0:
357,167,85413,5,4,0:3:0:0:
427,237,85750,1,0,1:2:0:0:
380,325,86087,1,4,0:3:0:0:
281,306,86423,1,0,1:2:0:0:
266,209,86760,2,0,P|259:172|251:154,2,50,4|4|0,0:3|0:3|1:2,0:0:0:0:
357,167,87433,5,4,0:3:0:0:
357,167,87602,2,0,P|399:154|414:151,2,50,0|8|4,1:2|0:3|0:3,0:0:0:0:
333,122,88107,1,4,1:1:0:0:
362,29,88443,1,0,1:2:0:0:
362,29,88612,6,0,P|318:22|273:45,1,90.0000000000001,4|4,1:1|0:3,0:2:0:0:
243,70,89126,2,0,P|218:58|188:50,2,44.333623664448,2|2|2,1:2|3:2|3:2,0:0:0:0:
263,116,89626,1,0,3:2:0:0:
263,116,89795,1,2,1:2:0:0:
292,201,90133,2,0,P|322:189|345:183,2,45,4|4|2,0:3|0:3|1:2,0:0:0:0:
267,287,90808,6,0,P|195:316|175:328,1,90.0000000000001,4|0,0:3|1:2,0:2:0:0:
152,353,91315,2,0,P|104:338|88:288,1,90.0000000000001,4|4,0:3|0:3,0:2:0:0:
52,276,91821,2,0,L|27:229,2,45,2|2|2,1:2|3:2|3:2,0:0:0:0:
125,224,92496,1,2,1:2:0:0:
209,255,92834,2,0,L|226:202,2,45,6|6|0,3:3|3:3|1:2,0:0:0:0:
246,336,93509,6,0,P|294:320|347:305,1,90.0000000000001,4|0,0:3|1:2,0:2:0:0:
373,327,94016,2,0,P|419:322|443:282,1,90.0000000000001,4|4,0:3|0:3,0:2:0:0:
476,260,94522,2,0,P|504:282|525:290,2,45,2|2|2,1:2|3:2|3:2,0:0:0:0:
488,219,95029,1,0,3:2:0:0:
488,219,95198,1,0,1:2:0:0:
399,204,95535,2,0,P|371:226|350:234,2,45,4|4|2,0:3|0:3|1:2,0:0:0:0:
449,129,96210,6,0,B|463:84|486:101|499:42,1,90.0000000000001,4|2,0:3|1:3,0:2:0:0:
472,16,96717,2,0,P|416:45|383:50,1,90.0000000000001,4|4,0:3|0:3,0:2:0:0:
354,32,97227,1,2,1:3:0:0:
354,32,97395,2,0,P|316:42|297:101,1,89.7322472583715,4|4,0:3|0:3,0:2:0:0:
272,123,97898,1,2,1:3:0:0:
309,205,98234,2,0,P|341:208|361:217,2,45,0|4|0,0:0|0:3|1:2,0:0:0:0:
256,278,98905,5,0,1:2:0:0:
256,278,99073,1,8,0:3:0:0:
193,342,99408,2,0,P|171:354|151:369,2,45,4|0|4,1:1|0:0|0:3,0:2:0:0:
166,255,100079,2,0,P|141:248|117:244,2,45,6|2|6,0:3|0:2|0:3,0:0:0:0:
229,191,100750,2,0,P|216:169|201:149,2,45,6|2|6,0:3|0:2|0:3,0:0:0:0:
322,203,101424,5,0,3:2:0:0:
322,203,101593,2,0,P|353:193|379:187,1,45,6|6,0:3|0:3,0:2:0:0:
444,148,102100,2,0,P|451:124|462:101,2,45,6|0|4,0:3|0:0|0:3,0:2:0:0:
368,101,102778,2,0,P|356:78|347:55,2,45,6|2|6,0:3|0:2|0:3,0:0:0:0:
278,118,103455,2,0,P|254:110|231:99,2,45,6|2|6,0:3|0:2|0:3,0:0:0:0:
252,206,104132,5,0,1:2:0:0:
252,206,104295,2,0,P|257:238|267:313,1,90.0000000000001,4|0,1:1|1:2,0:2:0:0:
301,321,104802,2,0,P|289:343|282:367,2,45,6|2|6,0:3|0:2|0:3,0:0:0:0:
390,312,105480,2,0,P|397:335|409:357,2,45,6|2|6,0:3|0:2|0:3,0:0:0:0:
438,235,106157,2,0,P|460:246|484:253,2,45,6|2|6,0:3|0:2|0:3,0:0:0:0:
418,194,106665,2,0,P|409:152|402:136,1,45,4|0,1:2|0:2,0:2:0:0:
441,111,107003,6,0,P|465:62|487:19,1,90.0000000000001,4|4,1:1|0:3,0:2:0:0:
442,6,107511,2,0,P|394:29|345:40,1,90.0000000000001,4|4,1:1|0:3,0:2:0:0:
313,39,108006,6,0,P|323:92|333:139,1,89.9999972534181,4|4,1:1|0:3,0:2:0:0:
287,141,108522,2,0,P|246:106|202:83,1,90.0000000000001,4|4,1:1|0:3,0:2:0:0:
174,109,109019,1,0,1:2:0:0:
92,70,109345,1,4,1:3:0:0:
35,139,109672,5,4,1:1:0:0:
380,337,114899,5,4,0:3:0:0:
380,337,115067,2,0,P|387:301|391:282,1,45.0000000000001,4|0,1:1|1:2,0:0:0:0:
355,262,115405,1,0,1:2:0:0:
425,206,115742,1,0,1:2:0:0:
373,132,116085,6,0,B|355:103|355:103|357:71|357:71|345:35,1,89.9999972534181,2|0,1:2|1:2,0:0:0:0:
310,25,116589,1,2,3:2:0:0:
310,25,116757,2,0,L|214:3,1,90.0000000000001,2|2,1:2|1:2,0:0:0:0:
187,33,117262,1,4,0:3:0:0:
187,33,117431,1,4,1:2:0:0:
215,118,117767,5,6,0:3:0:0:
215,118,117938,2,0,B|240:141|240:141|224:215,1,90.0000000000001,6|4,1:1|0:3,0:2:0:0:
245,237,118451,2,0,B|230:259|230:259|159:278,1,90.0000000000001,2|4,1:2|1:1,0:2:0:0:
149,320,118965,1,6,1:1:0:0:
66,356,119303,1,4,0:3:0:0:
66,356,119470,2,0,L|12:338,1,45,0|4,1:2|0:3,0:2:0:0:
28,296,119804,2,0,L|10:241,1,45,4|4,1:3|0:3,0:0:0:0:
57,238,120138,1,4,0:3:0:0:
104,161,120473,5,4,1:1:0:0:
104,161,120640,2,0,P|97:104|90:60,1,90.0000000000001,6|0,0:3|3:2,0:0:0:0:
126,42,121144,1,0,1:2:0:0:
217,67,121480,1,2,1:2:0:0:
217,67,121648,2,0,P|224:124|231:168,1,90.0000000000001,6|0,0:3|3:2,0:0:0:0:
271,170,122151,5,2,1:2:0:0:
357,193,122487,1,2,1:2:0:0:
442,219,122823,1,2,1:2:0:0:
502,152,123159,5,4,1:1:0:0:
502,152,123326,2,0,P|494:106|454:82,1,90.0000000000001,4|0,0:3|3:2,0:0:0:0:
443,41,123830,1,0,1:2:0:0:
361,18,124166,1,2,1:2:0:0:
361,18,124334,2,0,P|325:43|319:86,1,90.0000000000001,6|0,3:3|3:2,0:0:0:0:
346,122,124837,5,2,1:2:0:0:
323,209,125173,1,2,1:2:0:0:
301,296,125511,1,2,1:2:0:0:
228,348,125849,5,4,1:1:0:0:
228,348,126017,2,0,B|162:331|162:331|147:304,1,90.0000000000001,4|0,0:3|3:2,0:0:0:0:
171,271,126524,1,0,1:2:0:0:
107,215,126862,1,2,1:2:0:0:
107,215,127031,2,0,B|41:232|41:232|26:259,1,88.9344000699034,6|0,3:3|3:3,0:0:0:0:
5,213,127528,5,2,1:2:0:0:
34,128,127865,1,2,1:2:0:0:
67,42,128202,1,4,1:1:0:0:
130,106,128526,5,4,1:1:0:0:
130,106,128705,2,0,P|171:123|230:140,1,90.0000000000001,4|4,1:1|0:3,0:2:0:0:
259,131,129243,1,0,1:2:0:0:
321,66,129588,1,4,0:3:0:0:
321,66,129754,2,0,P|362:49|421:32,1,90.2700000000001,4|4,1:1|0:3,0:2:0:0:
444,58,130255,2,0,P|459:91|463:103,1,45,0|0,1:2|1:2,0:0:0:0:
449,142,130588,2,0,P|434:175|430:187,1,45,0|8,1:2|0:3,0:0:0:0:
457,219,130922,1,4,0:3:0:0:
459,308,131255,6,0,P|383:329|283:362,1,180.269994506836,4|6,1:1|1:2,0:2:0:0:
210,312,132263,1,0,3:2:0:0:
210,312,132434,2,0,L|242:161,1,135,0|4,3:2|0:3,0:2:0:0:
186,106,133280,2,0,P|134:94|88:82,1,90.0000000000001,2|0,1:2|0:2,0:0:0:0:
58,106,133785,1,0,3:2:0:0:
58,106,133954,6,0,P|29:157|70:222,1,135,4|4,0:3|0:3,0:2:0:0:
91,253,134627,2,0,P|153:268|224:301,1,135,2|0,1:2|1:2,0:2:0:0:
290,350,135470,1,4,0:3:0:0:
290,350,135638,1,4,0:3:0:0:
363,297,135975,2,0,B|395:223|419:266|453:177,1,135,2|0,1:2|1:2,0:0:0:0:
432,150,136649,5,0,1:1:0:0:
432,150,136817,2,0,P|441:105|466:65,1,90.0000000000001,0|4,1:2|0:3,0:2:0:0:
494,35,137322,1,6,1:2:0:0:
360,53,137828,2,0,P|300:37|264:22,1,90.0000000000001,0|4,1:2|0:3,0:2:0:0:
235,49,138333,1,4,0:3:0:0:
255,136,138670,2,0,P|260:176|262:237,1,90.5342973295202,2|0,1:2|0:2,0:2:0:0:
267,315,139345,6,0,P|212:327|166:345,1,90.0000000000001,4|6,1:1|0:2,0:2:0:0:
133,261,140019,2,0,P|78:249|32:231,1,90.0000000000001,6|6,1:2|0:2,0:2:0:0:
37,147,140693,2,0,P|33:109|29:77,1,59.9999981689454,4|0,0:3|1:2,0:0:0:0:
52,66,141030,2,0,P|100:40|116:36,1,59.9999981689454,8|8,0:3|0:3,0:0:0:0:
133,48,141367,1,8,0:3:0:0:
197,110,141704,1,4,0:3:0:0:
277,70,142041,6,0,P|356:59|464:28,1,180,4|4,1:1|1:2,0:0:0:0:
499,109,143052,2,0,P|482:163|460:253,1,135,2|4,0:2|0:3,0:0:0:0:
475,282,143727,1,4,0:3:0:0:
400,332,144064,2,0,P|336:349|298:365,1,90.0000000000001,2|0,1:2|3:2,0:0:0:0:
300,320,144569,1,0,1:2:0:0:
300,320,144738,5,4,0:3:0:0:
277,191,145243,1,4,0:3:0:0:
277,191,145412,2,0,P|268:154|258:92,1,90.0000000000001,0|6,1:2|0:3,0:2:0:0:
235,65,145918,2,0,P|202:56|136:37,1,90.0000000000001,0|4,1:2|0:3,0:2:0:0:
110,63,146423,1,4,0:3:0:0:
41,120,146760,2,0,L|-22:140,2,45,2|4|0,1:2|0:3|1:2,0:0:0:0:
93,193,147434,6,0,B|141:209|141:209|157:249|157:249|210:264,1,135,4|4,1:1|0:3,0:0:0:0:
213,301,148109,1,2,1:2:0:0:
281,359,148446,1,0,3:2:0:0:
358,313,148783,2,0,P|404:307|419:306,2,45,2|4|4,0:2|0:3|0:3,0:0:0:0:
342,224,149457,1,0,1:2:0:0:
253,206,149794,1,4,0:3:0:0:
230,118,150130,5,4,1:1:0:0:
230,118,150811,5,4,1:1:0:0:
230,118,151492,5,4,1:1:0:0:
230,118,152174,5,4,1:1:0:0:
230,118,152842,6,0,P|167:102|130:92,1,90.0000000000001,0|4,1:2|3:3,3:2:0:0:
135,51,153340,1,0,1:2:0:0:
135,51,153506,2,0,P|198:35|235:25,1,91.0813471953901,0|0,3:2|1:2,0:0:0:0:
305,62,154172,2,0,P|314:39|323:16,2,45,4|0|4,3:3|1:2|3:3,0:0:0:0:
351,139,154843,1,0,1:2:0:0:
440,149,155179,1,4,3:3:0:0:
485,226,155515,6,0,P|467:281|458:320,1,86.7851998220073,4|4,3:3|3:3,0:0:0:0:
422,337,156011,2,0,P|370:363|336:384,1,90.0000000000001,0|0,1:2|3:2,0:0:0:0:
314,345,156528,2,0,P|296:290|287:251,1,89.9999972534181,4|4,3:3|3:3,0:0:0:0:
251,234,157033,2,0,P|199:208|165:187,1,90.0000000000001,2|2,1:3|1:3,0:0:0:0:
5,4,158222,6,0,L|119:25,1,100,4|0,1:1|1:2,0:2:0:0:
203,24,158895,2,0,L|215:79,1,50,4|4,0:3|0:3,0:0:0:0:
235,123,159232,1,2,1:2:0:0:
235,123,159400,2,0,L|349:102,1,100,4|4,0:3|0:3,0:2:0:0:
378,125,159905,1,2,1:2:0:0:
471,159,160242,2,0,L|485:110,2,50,4|4|2,0:3|0:3|1:2,0:0:0:0:
394,222,160915,6,0,L|417:336,1,100,4|0,0:3|1:2,0:2:0:0:
319,353,161589,2,0,P|287:339|268:330,1,50,4|4,0:3|0:3,0:0:0:0:
227,353,161925,1,2,1:2:0:0:
227,353,162094,2,0,P|201:342|179:271,1,100,4|4,0:3|0:3,0:2:0:0:
205,238,162599,1,2,1:2:0:0:
272,164,162935,2,0,P|314:155|325:151,2,50.7424999580677,4|4|2,0:3|0:3|1:2,0:0:0:0:
223,76,163616,6,0,P|200:50|118:41,1,100,4|0,0:3|1:2,0:2:0:0:
40,57,164287,2,0,P|49:88|52:109,1,50,4|4,0:3|0:3,0:2:0:0:
90,136,164623,1,2,1:2:0:0:
90,136,164791,2,0,P|73:183|59:248,1,100,4|4,0:3|0:3,0:2:0:0:
29,270,165294,1,2,1:2:0:0:
93,345,165630,1,4,0:3:0:0:
185,306,165966,1,2,1:2:0:0:
275,348,166302,6,0,P|324:334|379:325,1,100,4|0,1:1|1:2,0:0:0:0:
421,337,166805,1,4,0:3:0:0:
421,337,166973,1,4,0:3:0:0:
461,245,167309,2,0,P|497:237|513:234,2,50,0|0|0,1:2|1:2|1:2,0:0:0:0:
393,170,167980,1,4,0:3:0:0:
319,101,168316,2,0,P|294:96|270:91,2,49.5532500002682,0|0|0,1:2|1:2|1:2,0:0:0:0:
381,22,168993,6,0,P|442:9|481:37,1,100,4|2,1:1|1:2,0:2:0:0:
509,110,169682,2,0,P|490:153|487:163,1,50,4|4,0:3|0:3,0:0:0:0:
503,203,170027,1,2,1:2:0:0:
503,203,170195,2,0,P|489:246|478:310,1,99.4066666989044,4|4,0:3|0:3,0:2:0:0:
448,339,170698,1,2,1:2:0:0:
348,326,171034,2,0,P|306:346|287:360,2,50,4|4|2,0:3|0:3|1:2,0:0:0:0:
334,226,171706,6,0,P|299:183|251:177,1,100,4|2,0:3|1:2,0:2:0:0:
169,127,172380,2,0,P|142:145|125:150,1,50,4|4,0:3|0:3,0:0:0:0:
80,135,172717,1,2,1:2:0:0:
80,135,172886,2,0,P|49:159|37:221,1,100,4|4,0:3|0:3,0:2:0:0:
18,263,173392,1,2,1:2:0:0:
94,327,173729,2,0,P|103:358|108:386,2,50,4|4|2,0:3|0:3|1:2,0:0:0:0:
185,286,174408,6,0,B|243:305|216:322|289:338,1,100,4|0,1:1|1:2,0:2:0:0:
363,293,175081,2,0,P|377:258|386:244,1,50,4|4,0:3|0:3,0:2:0:0:
425,219,175417,1,2,1:2:0:0:
425,219,175585,2,0,P|468:193|467:132,1,100,4|4,0:3|0:3,0:2:0:0:
452,102,176090,1,2,1:2:0:0:
363,55,176427,2,0,P|386:5|390:-3,2,50,4|4|2,0:3|0:3|1:2,0:0:0:0:
269,90,177100,6,0,L|285:202,1,100,4|0,1:1|1:2,0:0:0:0:
230,274,177773,2,0,L|223:323,2,50,4|4|0,0:3|0:3|1:2,0:0:0:0:
138,314,178446,2,0,L|98:344,2,50,4|4|0,0:3|0:3|1:2,0:0:0:0:
69,241,179119,2,0,P|50:214|56:167,1,66.6666666666667,0|0,1:2|1:2,1:2:0:0:
70,155,179455,2,0,P|110:142|133:126,1,66.6666666666667,0|0,1:2|1:2,1:2:0:0:
147,99,179792,5,4,1:1:0:0:
232,150,180128,1,2,0:2:0:0:
316,96,180475,2,0,L|294:-3,1,99.6884999132134,2|2,1:2|0:2,0:2:0:0:
244,0,180969,1,0,1:0:0:0:
172,69,181305,1,4,0:3:0:0:
172,69,181474,1,4,0:3:0:0:
78,34,181812,1,0,1:2:0:0:
22,117,182149,1,2,3:2:0:0:
78,199,182487,6,0,P|129:221|164:266,1,100,6|0,0:3|0:2,0:2:0:0:
172,301,182994,1,4,0:3:0:0:
172,301,183164,1,0,1:2:0:0:
258,362,183500,1,2,3:2:0:0:
258,362,183670,2,0,P|304:348|377:337,1,100,2|4,1:2|0:3,0:2:0:0:
402,354,184181,1,4,0:3:0:0:
475,286,184521,1,0,1:2:0:0:
396,224,184829,2,0,P|392:191|386:170,1,50,2|2,0:3|1:2,0:0:0:0:
339,158,185169,5,4,1:1:0:0:
339,158,185339,2,0,P|303:172|234:185,1,100,0|4,1:2|0:3,0:2:0:0:
201,155,185850,1,0,1:2:0:0:
137,77,186191,1,4,0:3:0:0:
55,135,186531,2,0,P|21:147|4:158,2,50,0|4|4,0:0|0:3|0:3,0:0:0:0:
120,210,187213,1,0,1:2:0:0:
249,57,187886,5,4,0:3:0:0:
249,57,188055,2,0,B|318:34|318:34|397:60,1,153.86783338592,0|0,1:2|1:2,0:0:0:0:
448,140,188910,1,4,3:3:0:0:
448,140,189079,1,4,0:3:0:0:
396,225,189411,1,2,1:2:0:0:
453,306,189748,1,0,1:2:0:0:
453,306,189917,6,0,P|406:326|390:332,1,50,0|0,1:2|1:2,0:0:0:0:
374,363,190254,2,0,P|327:343|311:337,1,50,0|0,1:2|1:2,0:0:0:0:
301,301,190580,1,0,1:2:0:0:
207,337,190925,1,4,0:3:0:0:
138,263,191267,1,4,1:1:0:0:
220,207,191604,6,0,P|252:165|267:97,1,98.8133333978089,0|0,0:2|0:2,0:0:0:0:
257,70,192107,1,4,0:3:0:0:
257,70,192277,2,0,P|222:58|157:32,1,100,4|2,0:3|1:2,0:2:0:0:
66,58,192959,1,0,0:2:0:0:
15,143,193288,6,0,P|45:223|73:346,1,200,6|0,0:3|1:2,0:2:0:0:
162,376,194299,1,6,0:3:0:0:
162,376,194467,2,2,P|189:331|248:315,1,100,2|4,1:2|0:3,0:2:0:0:
276,336,194973,1,4,0:3:0:0:
366,378,195310,1,0,1:2:0:0:
366,378,195479,1,4,0:3:0:0:
424,296,195816,1,0,1:2:0:0:
424,296,195984,6,0,P|430:260|435:238,1,50,4|2,0:3|1:2,0:0:0:0:
364,173,196490,1,4,0:3:0:0:
364,173,196658,2,0,P|314:163|249:143,1,100,0|2,1:2|0:2,0:2:0:0:
211,66,197332,2,0,P|187:73|162:78,2,50,2|0|4,0:2|1:2|0:3,0:0:0:0:
296,14,198007,1,8,3:3:0:0:
375,74,198344,1,0,1:2:0:0:
472,52,198681,6,0,P|481:107|496:166,1,100,4|2,1:1|1:2,0:2:0:0:
433,231,199355,2,0,P|422:261|416:285,2,50,4|4|2,0:3|0:3|1:2,0:0:0:0:
333,230,200029,2,0,P|304:243|283:256,2,50,4|4|0,0:3|0:3|1:2,0:0:0:0:
262,158,200703,5,8,0:3:0:0:
165,133,201040,1,4,0:3:0:0:
82,189,201377,2,0,P|61:256|41:301,1,100,4|0,0:3|1:2,0:0:0:0:
65,330,201883,1,4,0:3:0:0:
65,330,202052,2,0,P|140:372|161:384,1,100,0|4,1:2|0:3,0:0:0:0:
188,344,202557,1,0,1:2:0:0:
278,301,202894,1,4,0:3:0:0:
278,301,203063,1,0,1:2:0:0:
354,364,203400,2,0,P|394:348|420:344,2,50,0|4|0,1:2|0:3|1:2,0:0:0:0:
278,301,204074,6,0,P|261:237|249:188,1,100,4|0,0:3|1:2,0:0:0:0:
274,158,204580,1,4,0:3:0:0:
274,158,204748,2,0,P|291:94|303:45,1,100,0|4,1:2|0:3,0:0:0:0:
270,19,205254,1,0,1:2:0:0:
368,3,205591,1,4,0:3:0:0:
368,3,205759,2,0,P|412:9|439:14,1,50,0|0,1:2|1:2,0:0:0:0:
454,43,206097,2,0,P|481:78|496:101,1,50,0|0,1:2|1:2,1:2:0:0:
464,129,206428,1,8,0:3:0:0:
497,223,206760,6,0,P|448:234|390:260,1,100,4|0,1:1|1:2,0:0:0:0:
376,295,207265,1,4,0:3:0:0:
376,295,207434,2,0,P|321:275|308:220,1,100,0|4,1:2|0:3,0:0:0:0:
319,191,207939,1,0,1:2:0:0:
233,150,208276,1,4,0:3:0:0:
233,150,208445,1,0,1:2:0:0:
137,177,208782,1,0,1:2:0:0:
54,120,209119,1,0,1:2:0:0:
136,63,209456,6,0,P|130:39|123:15,2,50,0|8|4,1:2|0:3|0:3,0:0:0:0:
185,67,209962,1,4,1:1:0:0:
256,192,210130,12,0,217546,0:0:0:0:
