osu file format v14

[General]
AudioFilename: audio.ogg
AudioLeadIn: 0
PreviewTime: 54325
Countdown: 0
SampleSet: Soft
StackLeniency: 0.4
Mode: 0
LetterboxInBreaks: 0
WidescreenStoryboard: 1

[Editor]
Bookmarks: 9581,14770,19959,30337,38121,40716,45905,55230,59932,60175,65202,78337,86121,87256,88554,190554
DistanceSpacing: 1
BeatDivisor: 4
GridSize: 32
TimelineZoom: 3.299999

[Metadata]
Title:Moonshot (TV Size)
TitleUnicode:月に向かって撃て (TV Size)
Artist:Hoshimachi Suisei
ArtistUnicode:星街すいせい
Creator:isle
Version:Special
Source:真夜中ハートチューン
Tags:imaginative asukow take anime rock jrock j-rock pop jpop j-pop japanese opening op Mayonaka Heart Tune Tune In to the Midnight Heart mayochu Tsuki ni Mukatte Ute hololive ホロライブ vtuber virtual youtuber
BeatmapID:5472201
BeatmapSetID:2490923

[Difficulty]
HPDrainRate:5
CircleSize:4.2
OverallDifficulty:9
ApproachRate:9.5
SliderMultiplier:1.72
SliderTickRate:1

[Events]
//Background and Video events
0,0,"face.jpg",0,0
Video,229,"e.mp4"
//Break Periods
2,70592,72286
//Storyboard Layer 0 (Background)
//Storyboard Layer 1 (Fail)
//Storyboard Layer 2 (Pass)
//Storyboard Layer 3 (Foreground)
//Storyboard Layer 4 (Overlay)
//Storyboard Sound Samples

[TimingPoints]
-810,324.324324324324,4,2,2,47,1,0
487,-100,4,2,1,57,0,0
1298,-129.87012987013,4,2,1,57,0,0
5676,-114.942528735632,4,2,1,67,0,0
6000,-114.942528735632,4,2,2,67,0,0
6649,-114.942528735632,4,2,1,67,0,0
9568,-85.4700854700855,4,2,1,77,0,0
14433,-72.992700729927,4,2,1,77,0,0
14757,-100,4,2,1,77,0,0
18325,-108.695652173913,4,2,1,77,0,0
19946,-129.87012987013,4,2,2,47,0,0
22054,-78.7401574803149,4,2,2,47,0,0
22541,-129.87012987013,4,2,2,47,0,0
24973,-100,4,2,2,47,0,0
25135,-114.942528735632,4,2,2,47,0,0
27406,-114.942528735632,4,2,1,47,0,0
27730,-114.942528735632,4,2,1,67,0,0
29027,-100,4,2,1,67,0,0
30325,-108.695652173913,4,2,1,67,0,0
35514,-85.4700854700855,4,2,1,67,0,0
36811,-108.695652173913,4,2,1,67,0,0
38108,-108.695652173913,4,2,1,67,0,0
45244,-85.4700854700855,4,2,1,67,0,0
45892,-100,4,2,1,67,0,0
48487,-114.942528735632,4,2,1,67,0,0
51081,-114.942528735632,4,2,1,67,0,0
54325,-93.4579439252336,4,2,1,67,0,0
54811,-93.4579439252336,4,2,1,77,0,1
70541,-100,4,2,1,57,0,0
72811,-100,4,2,1,77,0,0
73135,-93.4579439252336,4,2,1,87,0,1
75730,-100,4,2,1,67,0,0
78325,-100,4,2,1,77,0,0


[Colours]
Combo1 : 117,244,228
Combo2 : 149,184,255

[HitObjects]
91,58,325,6,0,P|88:73|85:91,3,21.5,2|2|2|2,0:2|0:2|0:2|0:2,0:0:0:0:
84,39,487,6,0,P|148:4|228:195,1,344,4|0,3:2|0:0,0:0:0:0:
143,254,1298,2,0,P|110:247|77:241,1,66.2199986864319
228,350,1622,6,0,P|283:365|334:314,2,132.439997372864
143,254,2595,1,0,0:0:0:0:
143,254,2757,2,0,P|148:221|154:188,1,66.2199986864319
67,22,3081,5,8,0:3:0:0:
274,139,3568,1,4,0:3:0:0:
32,302,3892,5,8,0:3:0:0:
90,217,4054,1,8,0:3:0:0:
28,309,4217,1,8,0:3:0:0:
256,377,4865,5,8,0:2:0:0:
146,198,5027,1,0,3:2:0:0:
259,384,5189,1,8,0:2:0:0:
383,93,5514,5,8,0:3:0:0:
512,301,5676,6,0,P|467:253|387:273,1,149.640001255829,4|2,3:2|3:2,0:0:0:0:
248,350,6244,1,2,0:2:0:0:
242,356,6325,2,0,P|208:367|171:343,1,74.8200006279144,2|2,3:2|0:2,0:0:0:0:
117,298,6568,1,2,0:2:0:0:
113,291,6649,2,0,P|118:254|125:217,1,74.8200006279144,2|0,3:2|0:0,0:0:0:0:
391,48,6973,5,8,3:2:0:0:
284,109,7135,1,0,3:2:0:0:
408,161,7298,5,0,3:2:0:0:
294,2,7460,1,8,3:2:0:0:
200,222,7622,6,0,L|209:269,1,37.4100003139572,8|0,3:2|0:0,0:0:0:0:
415,158,7784,6,0,L|422:194,1,37.4100003139572,8|0,3:2|0:0,0:0:0:0:
135,108,7946,6,0,L|144:155,1,37.4100003139572,8|0,3:2|0:0,0:0:0:0:
404,322,8108,6,0,L|396:285,1,37.4100003139572,8|0,3:2|0:0,0:0:0:0:
391,276,8919,5,8,0:2:0:0:
344,258,9000,1,8,0:2:0:0:
298,243,9081,1,8,0:2:0:0:
252,227,9162,1,8,0:2:0:0:
206,212,9243,1,8,0:2:0:0:
159,197,9324,1,8,0:2:0:0:
114,183,9405,1,8,0:2:0:0:
67,168,9486,1,8,0:2:0:0:
21,154,9568,6,0,L|31:214,1,50.3100001919174,4|0,3:2|0:0,0:0:0:0:
93,345,9730,5,0,3:2:0:0:
130,377,9811,1,0,3:2:0:0:
182,380,9892,1,8,0:2:0:0:
226,354,9973,1,8,0:2:0:0:
244,306,10054,2,0,L|224:186,1,100.620000383835,4|0,3:2|0:0,0:0:0:0:
156,171,10298,1,0,3:2:0:0:
156,171,10379,2,0,L|147:121,1,50.3100001919174,8|8,0:2|0:2,0:0:0:0:
344,8,10541,6,0,P|413:6|436:76,1,150.930000575752,4|0,3:2|3:2,0:0:0:0:
497,144,10865,1,8,0:2:0:0:
497,144,10946,1,8,0:2:0:0:
497,144,11027,2,0,L|488:197,1,50.3100001919174,4|0,3:2|0:0,0:0:0:0:
362,330,11189,5,0,3:2:0:0:
331,361,11270,1,0,3:2:0:0:
288,371,11351,1,8,0:2:0:0:
249,352,11432,1,8,0:2:0:0:
229,313,11514,1,8,0:2:0:0:
209,274,11595,1,8,0:2:0:0:
169,256,11676,1,0,3:2:0:0:
127,266,11757,1,0,3:2:0:0:
96,297,11838,6,0,L|106:364,1,50.3100001919174,4|0,3:2|0:0,0:0:0:0:
240,161,12000,5,8,0:2:0:0:
246,155,12081,1,8,0:2:0:0:
252,149,12162,2,0,L|262:216,1,50.3100001919174,4|0,3:2|0:0,0:0:0:0:
0,38,12325,5,0,3:2:0:0:
6,32,12406,1,0,3:2:0:0:
12,26,12487,1,8,0:2:0:0:
18,20,12568,1,8,0:2:0:0:
24,14,12649,2,0,P|32:69|40:122,1,100.620000383835,4|0,3:2|0:0,0:0:0:0:
47,189,12892,1,8,0:3:0:0:
88,213,12973,1,8,0:3:0:0:
138,203,13054,1,4,0:3:0:0:
168,163,13135,1,4,3:2:0:0:
410,324,13298,6,0,P|339:289|259:364,1,201.24000076767,4|2,3:2|3:2,0:0:0:0:
257,383,13703,1,0,3:2:0:0:
257,383,13784,2,0,P|249:338|238:280,1,100.620000383835,8|0,0:2|3:2,0:0:0:0:
348,68,14108,5,2,3:2:0:0:
357,76,14189,1,0,3:2:0:0:
353,86,14271,1,0,3:2:0:0:
340,81,14352,1,0,3:2:0:0:
339,66,14433,6,0,P|408:59|440:156,1,176.730004988869,12|0,0:2|0:0,0:0:0:0:
480,214,14757,5,4,3:2:0:0:
308,275,14919,1,0,0:0:0:0:
479,367,15081,5,10,0:2:0:0:
331,185,15244,1,0,3:2:0:0:
325,178,15325,1,8,0:2:0:0:
319,170,15406,2,0,L|335:84,1,86,2|0,3:2|3:2,0:0:0:0:
231,286,15730,1,10,0:2:0:0:
28,91,15892,6,0,P|36:133|43:175,1,86,0|2,3:2|0:2,0:0:0:0:
63,311,16217,1,0,3:2:0:0:
187,55,16379,2,0,P|195:97|202:139,1,86,10|0,0:2|3:2,0:0:0:0:
162,218,16622,1,8,0:2:0:0:
198,240,16703,1,2,3:2:0:0:
239,233,16784,1,8,0:2:0:0:
267,202,16865,1,0,3:2:0:0:
442,327,17027,6,0,P|462:291|440:244,1,86,12|0,0:2|0:0,0:0:0:0:
309,23,17352,6,0,L|316:65,1,43,4|0,3:2|0:0,0:0:0:0:
307,14,17676,1,8,0:2:0:0:
189,188,17838,6,0,L|181:146,1,43,2|0,3:2|0:0,0:0:0:0:
191,197,18162,1,8,0:2:0:0:
0,4,18325,6,0,P|10:61|20:120,1,118.679996015991,4|0,3:2|0:0,0:0:0:0:
73,179,18649,6,0,L|65:221,1,39.5599986719971,2|0,0:3|0:0,0:0:0:0:
42,362,18811,5,0,3:2:0:0:
164,292,18973,1,8,0:2:0:0:
64,227,19135,1,8,0:3:0:0:
134,374,19298,6,0,P|173:365|212:358,1,79.1199973439942,8|0,0:3|1:2,0:0:0:0:
285,344,19541,1,0,1:2:0:0:
285,344,19622,2,0,P|276:305|269:266,1,79.1199973439942,8|0,0:2|3:2,0:0:0:0:
117,99,19946,5,0,3:2:0:0:
117,99,20271,6,0,P|182:81|225:125,1,132.439997372864,2|2,1:2|0:2,0:0:0:0:
295,198,20757,2,0,P|327:190|359:184,1,66.2199986864319,0|2,1:2|0:2,0:0:0:0:
508,322,21081,5,0,3:2:0:0:
439,197,21244,1,2,3:2:0:0:
512,331,21406,1,0,3:2:0:0:
408,374,21568,6,0,P|342:358|278:346,1,132.439997372864,2|2,1:2|0:2,0:0:0:0:
121,373,22054,6,0,B|114:362|114:345|114:345|125:355|130:369,1,54.6099995833588,0|0,1:2|0:0,0:0:0:0:
191,249,22217,6,0,B|180:255|163:255|163:255|173:244|187:239,1,54.6099995833588,2|0,0:2|0:0,0:0:0:0:
48,186,22379,6,0,B|54:196|54:213|54:213|43:203|38:189,1,54.6099995833588,2|0,0:3|0:0,0:0:0:0:
0,316,22541,5,0,3:2:0:0:
0,316,22865,6,0,P|65:334|108:289,1,132.439997372864,2|2,1:2|0:2,0:0:0:0:
191,222,23352,2,0,P|203:157|218:92,1,132.439997372864,0|0,1:2|1:2,0:0:0:0:
369,14,23838,5,2,3:2:0:0:
220,82,24000,1,0,3:2:0:0:
377,9,24162,2,0,B|398:82|434:42|458:108,1,132.439997372864,2|2,1:2|0:2,0:0:0:0:
512,194,24649,2,0,P|504:226|498:258,1,66.2199986864319,0|2,1:2|0:2,0:0:0:0:
331,384,24973,6,0,P|327:366|321:341,1,43,2|0,0:3|0:0,0:0:0:0:
286,221,25135,6,0,B|293:177|318:200|326:155,1,74.8200006279144,0|0,3:2|0:0,0:0:0:0:
220,25,25460,2,0,P|171:8|118:52,1,112.230000941872,10|0,0:2|0:0,0:0:0:0:
68,96,25784,1,10,0:2:0:0:
63,103,25865,1,8,0:2:0:0:
58,110,25946,2,0,P|66:153|73:192,1,74.8200006279144,0|2,3:2|0:2,0:0:0:0:
149,370,26271,6,0,P|106:380|72:354,1,74.8200006279144,8|2,0:2|0:2,0:0:0:0:
20,319,26514,1,8,0:2:0:0:
20,319,26595,1,0,3:2:0:0:
166,227,26757,6,0,P|208:238|246:248,1,74.8200006279144,10|0,0:2|0:0,0:0:0:0:
292,294,27000,1,0,0:0:0:0:
313,278,27081,1,2,0:2:0:0:
321,250,27162,1,8,0:2:0:0:
308,224,27243,1,0,3:2:0:0:
437,294,27406,2,0,P|446:238|457:183,1,112.230000941872,10|0,0:2|3:2,0:0:0:0:
465,157,27730,5,0,3:2:0:0:
465,157,28703,2,0,P|414:138|368:182,1,112.230000941872,2|0,0:2|0:0,0:0:0:0:
330,235,29027,5,8,3:2:0:0:
326,243,29108,1,8,0:2:0:0:
321,250,29189,2,0,L|328:293,1,43,8|8,0:2|0:2,0:0:0:0:
173,166,29352,5,8,3:2:0:0:
169,174,29433,1,8,0:2:0:0:
164,181,29514,2,0,L|171:224,1,43,8|8,0:2|0:2,0:0:0:0:
27,91,29676,5,8,3:2:0:0:
23,100,29757,1,8,0:2:0:0:
19,108,29838,1,8,0:2:0:0:
15,116,29919,1,8,0:2:0:0:
11,124,30000,1,8,0:2:0:0:
154,1,30162,5,8,0:2:0:0:
26,239,30325,6,0,P|93:213|153:272,1,158.239994687988,4|8,3:2|0:2,0:0:0:0:
343,125,30811,5,0,0:0:0:0:
233,218,30973,1,0,0:0:0:0:
349,120,31135,1,0,3:2:0:0:
437,307,31298,5,8,0:2:0:0:
305,189,31460,1,0,3:2:0:0:
500,123,31622,2,0,P|491:166|483:209,1,79.1199973439942,0|0,0:0|3:2,0:0:0:0:
373,353,31946,2,0,P|321:374|272:337,1,118.679996015991,8|0,0:2|0:0,0:0:0:0:
262,329,32271,2,0,B|253:240|194:291|182:197,1,158.239994687988,0|8,0:0|0:2,0:0:0:0:
57,0,32757,6,0,L|47:48,1,39.5599986719971,2|0,0:2|0:0,0:0:0:0:
13,206,32919,5,0,3:2:0:0:
139,128,33081,1,0,0:0:0:0:
6,212,33243,1,8,0:2:0:0:
148,285,33406,1,0,0:0:0:0:
27,384,33568,2,0,P|70:375|113:367,1,79.1199973439942,0|0,0:0|3:2,0:0:0:0:
184,211,33892,1,8,0:2:0:0:
184,211,34054,1,0,3:2:0:0:
302,330,34217,6,0,P|316:293|298:256,1,79.1199973439942,0|0,0:0|3:2,0:0:0:0:
212,37,34541,2,0,P|182:94|215:144,1,118.679996015991,8|0,0:2|0:0,0:0:0:0:
225,146,34865,2,0,P|268:137|311:129,1,79.1199973439942,0|0,0:0|3:2,0:0:0:0:
487,78,35189,6,0,P|510:130|480:178,1,118.679996015991,10|0,0:2|0:0,0:0:0:0:
512,287,35514,6,0,B|478:262|478:262|446:269|446:269|412:243|362:251,1,150.930000575752,4|0,3:2|0:0,0:0:0:0:
325,178,35838,1,8,0:2:0:0:
106,384,36000,6,0,B|72:340|106:293|106:293|143:291|154:262,1,150.930000575752,4|0,3:2|0:0,0:0:0:0:
221,222,36325,1,8,0:2:0:0:
70,0,36487,6,0,B|47:22|20:28|20:28|44:127,1,150.930000575752,4|0,3:2|0:0,0:0:0:0:
0,192,36811,5,4,0:3:0:0:
42,213,36919,5,4,0:3:0:0:
91,201,37027,5,4,0:3:0:0:
119,159,37136,5,8,0:2:0:0:
147,117,37244,5,8,0:3:0:0:
196,105,37352,5,8,0:3:0:0:
238,126,37460,5,8,3:2:0:0:
243,133,37568,2,0,L|229:195,1,52.7466648959962,8|8,0:3|0:3,0:0:0:0:
360,171,37784,5,12,0:3:0:0:
365,177,37892,2,0,L|351:239,1,52.7466648959962,4|4,0:3|0:3,0:0:0:0:
249,384,38108,6,0,P|306:368|364:354,1,118.679996015991,4|0,3:2|0:0,0:0:0:0:
439,334,38433,1,2,0:2:0:0:
353,228,38595,1,0,3:2:0:0:
511,176,38757,6,0,P|502:214|493:253,1,79.1199973439942,10|0,0:2|0:0,0:0:0:0:
441,66,39081,1,2,0:2:0:0:
320,164,39244,5,8,0:2:0:0:
327,171,39325,1,8,0:0:0:0:
327,171,39406,1,0,3:2:0:0:
122,5,39568,6,0,P|178:-9|225:29,1,118.679996015991,12|0,0:2|0:0,0:0:0:0:
302,30,39892,5,0,3:2:0:0:
308,36,39973,1,0,3:2:0:0:
314,41,40054,2,0,L|302:95,1,39.5599986719971,12|0,0:2|0:0,0:0:0:0:
267,250,40217,1,0,3:2:0:0:
164,74,40379,6,0,P|155:112|146:151,1,79.1199973439942,12|0,0:2|0:0,0:0:0:0:
14,334,40703,6,0,P|84:308|139:360,1,158.239994687988,4|8,3:2|0:2,0:0:0:0:
272,211,41189,5,8,0:3:0:0:
277,217,41270,1,8,0:3:0:0:
282,223,41352,1,0,3:2:0:0:
403,299,41514,1,0,3:2:0:0:
284,340,41676,5,8,0:2:0:0:
375,207,41838,1,2,0:2:0:0:
279,348,42000,2,0,P|236:339|193:331,1,79.1199973439942,0|0,3:2|3:2,0:0:0:0:
383,199,42325,1,8,0:2:0:0:
484,378,42487,1,8,0:3:0:0:
484,378,42568,1,8,0:3:0:0:
484,378,42649,2,0,P|499:343|479:298,1,79.1199973439942,0|0,3:2|3:2,0:0:0:0:
512,48,42973,6,0,P|472:93|409:71,1,118.679996015991,12|0,0:2|0:0,0:0:0:0:
359,38,43298,5,4,3:2:0:0:
205,148,43460,1,0,0:0:0:0:
275,0,43622,1,8,0:2:0:0:
359,172,43784,5,0,3:2:0:0:
363,178,43865,1,0,3:2:0:0:
368,184,43946,2,0,P|357:228|350:267,1,79.1199973439942,0|0,3:2|3:2,0:0:0:0:
213,366,44271,1,8,0:2:0:0:
149,247,44433,1,2,3:2:0:0:
219,375,44595,2,0,P|261:383|294:358,1,79.1199973439942,0|0,3:2|3:2,0:0:0:0:
176,175,44919,2,0,P|138:165|105:185,1,79.1199973439942,8|8,0:2|0:3,0:0:0:0:
48,240,45162,5,8,0:3:0:0:
48,240,45244,2,0,P|62:171|84:92,1,150.930000575752,4|0,3:2|0:0,0:0:0:0:
54,21,45568,6,0,B|98:-13|145:21|145:21|147:58|176:69,1,150.930000575752,4|0,3:2|0:0,0:0:0:0:
194,133,45892,6,0,P|234:125|281:119,1,86,4|0,3:2|0:0,0:0:0:0:
512,20,46217,2,0,P|457:5|406:51,1,129,12|0,0:2|0:0,0:0:0:0:
397,71,46541,1,0,3:2:0:0:
507,196,46703,6,0,P|466:188|420:182,1,86,12|0,0:2|3:2,0:0:0:0:
235,319,47027,5,0,3:2:0:0:
242,326,47108,1,0,3:2:0:0:
242,326,47189,2,0,P|287:350|374:281,1,172,8|8,0:2|0:3,0:0:0:0:
293,154,47676,1,8,0:3:0:0:
190,240,47838,2,0,B|179:192|148:220|142:170,1,86,4|4,0:3|0:3,0:0:0:0:
35,31,48162,2,0,P|85:73|149:47,1,129,0|0,3:2|0:0,0:0:0:0:
165,39,48487,5,4,3:2:0:0:
165,39,48811,5,0,3:2:0:0:
165,39,49135,5,0,3:2:0:0:
249,112,49298,1,8,0:2:0:0:
150,181,49460,2,0,P|113:174|76:168,1,74.8200006279144,0|8,3:2|0:3,0:0:0:0:
132,313,49784,6,0,P|191:326|249:268,1,149.640001255829,8|8,0:2|0:3,0:0:0:0:
303,164,50271,1,8,0:3:0:0:
303,164,50433,2,0,B|312:207|336:180|347:219,1,74.8200006279144,4|4,0:3|0:3,0:0:0:0:
425,315,50757,1,0,3:2:0:0:
425,315,51081,6,0,P|447:206|476:94,1,224.460001883743,4|0,3:2|0:0,0:0:0:0:
258,0,51730,6,0,B|218:39|245:90|245:90|282:96|290:125,1,149.640001255829,4|0,3:2|0:0,0:0:0:0:
344,186,52217,1,0,0:0:0:0:
246,355,52379,6,0,P|208:347|164:341,1,74.8200006279144,4|0,3:2|0:0,0:0:0:0:
5,320,52703,2,0,P|11:282|19:238,1,74.8200006279144,4|0,3:2|0:0,0:0:0:0:
38,42,53027,2,0,P|88:23|139:59,1,112.230000941872,4|0,3:2|0:0,0:0:0:0:
145,60,53352,1,0,3:2:0:0:
19,237,53514,1,8,0:2:0:0:
19,237,54325,5,8,0:2:0:0:
65,225,54406,1,8,0:2:0:0:
110,201,54487,1,8,0:2:0:0:
139,158,54568,1,8,0:2:0:0:
167,113,54649,1,8,0:2:0:0:
209,86,54730,1,8,0:2:0:0:
257,73,54811,6,0,P|246:140|237:209,1,138.029995787659,4|0,3:2|0:0,0:0:0:0:
225,284,55135,1,0,3:2:0:0:
365,67,55298,2,0,P|357:112|351:157,1,92.0199971917725,12|0,0:2|0:0,0:0:0:0:
497,349,55622,5,0,3:2:0:0:
343,230,55784,1,12,0:2:0:0:
508,149,55946,1,0,3:2:0:0:
373,354,56108,6,0,P|321:344|271:338,1,92.0199971917725,12|0,0:2|3:0,0:0:0:0:
64,307,56433,2,0,B|73:257|107:286|116:233,1,92.0199971917725,0|8,3:2|0:3,0:0:0:0:
278,100,56757,1,8,0:3:0:0:
175,7,56919,5,4,0:3:0:0:
283,107,57081,1,4,0:3:0:0:
114,241,57244,1,8,0:2:0:0:
318,347,57406,6,0,P|401:319|457:389,1,184.039994383545,4|0,3:2|3:2,0:0:0:0:
468,327,57811,1,0,3:2:0:0:
468,327,57892,2,0,P|479:282|491:237,1,92.0199971917725,8|0,0:2|0:0,0:0:0:0:
408,125,58135,1,8,0:2:0:0:
403,119,58217,1,0,3:2:0:0:
330,252,58379,1,12,0:2:0:0:
504,149,58541,1,8,0:2:0:0:
334,33,58703,5,0,3:0:0:0:
326,27,58784,1,8,0:2:0:0:
319,21,58865,1,4,3:2:0:0:
229,150,59027,1,0,3:2:0:0:
86,0,59189,2,0,P|93:45|100:90,1,92.0199971917725,12|0,0:2|0:0,0:0:0:0:
114,167,59433,1,8,0:2:0:0:
114,167,59515,1,0,3:2:0:0:
179,353,59676,5,8,0:2:0:0:
136,379,59757,1,8,0:2:0:0:
86,383,59838,1,8,0:2:0:0:
40,364,59919,1,8,0:2:0:0:
9,325,60000,1,8,0:2:0:0:
0,275,60081,1,8,0:2:0:0:
14,227,60163,6,0,B|56:168|118:200|118:200|127:243|164:251,1,184.039994383545,4|10,3:2|0:2,0:0:0:0:
366,368,60649,5,0,0:0:0:0:
373,374,60730,1,8,0:2:0:0:
381,380,60811,1,2,3:2:0:0:
234,275,60973,1,0,3:2:0:0:
433,190,61135,2,0,P|426:235|419:280,1,92.0199971917725,10|0,0:2|0:0,0:0:0:0:
359,46,61460,5,2,3:2:0:0:
260,196,61622,1,0,3:2:0:0:
461,107,61784,5,12,0:2:0:0:
230,18,61946,2,0,P|237:63|244:108,1,92.0199971917725,0|8,3:2|0:3,0:0:0:0:
280,292,62271,1,0,3:2:0:0:
280,292,62352,1,0,3:2:0:0:
280,292,62433,1,8,0:2:0:0:
0,384,62595,6,0,B|12:304|59:346|74:274,1,138.029995787659,4|0,3:2|0:0,0:0:0:0:
106,202,62919,5,0,3:2:0:0:
112,194,63000,1,0,3:2:0:0:
117,186,63081,1,12,0:2:0:0:
234,239,63244,1,0,3:2:0:0:
16,145,63406,1,12,0:2:0:0:
233,57,63568,1,8,0:2:0:0:
9,148,63730,1,0,3:2:0:0:
160,341,63892,6,0,P|243:369|306:301,1,184.039994383545,4|0,3:2|3:2,0:0:0:0:
367,263,64298,1,0,3:2:0:0:
371,253,64379,1,8,0:2:0:0:
375,244,64460,1,8,0:2:0:0:
380,235,64541,2,0,L|369:185,1,46.0099985958863,0|0,3:2|3:2,0:0:0:0:
336,32,64703,5,8,0:3:0:0:
301,5,64784,1,8,0:3:0:0:
257,0,64865,1,0,3:2:0:0:
221,23,64946,1,0,3:2:0:0:
206,65,65027,2,0,L|217:115,1,46.0099985958863,8|0,0:2|0:0,0:0:0:0:
33,0,65189,6,0,P|44:51|52:89,1,92.0199971917725,4|0,3:2|0:0,0:0:0:0:
80,212,65514,1,0,3:2:0:0:
18,373,65676,2,0,P|62:380|97:352,1,92.0199971917725,8|0,0:2|3:2,0:0:0:0:
169,274,65919,1,0,3:2:0:0:
174,267,66000,1,12,0:2:0:0:
349,384,66162,5,8,0:3:0:0:
387,359,66243,1,8,0:3:0:0:
402,315,66324,1,4,0:3:0:0:
381,273,66405,1,4,0:3:0:0:
340,250,66487,6,0,B|317:257|317:257|344:247,1,46.0099985958863,2|0,3:2|0:0,0:0:0:0:
142,184,66811,6,0,B|165:191|165:191|138:181,1,46.0099985958863,2|0,3:2|0:0,0:0:0:0:
380,95,67135,6,0,B|357:102|357:102|384:92,1,46.0099985958863,2|0,3:2|0:0,0:0:0:0:
102,6,67460,6,0,B|125:13|125:13|98:3,1,46.0099985958863,2|0,3:2|0:0,0:0:0:0:
250,144,67622,1,8,0:2:0:0:
501,13,67784,6,0,P|493:58|487:103,1,92.0199971917725,4|0,3:2|0:0,0:0:0:0:
474,326,68108,5,0,3:2:0:0:
469,333,68189,1,0,3:2:0:0:
463,338,68271,2,0,P|418:330|373:324,1,92.0199971917725,8|0,0:2|3:2,0:0:0:0:
302,311,68514,1,8,0:2:0:0:
293,309,68595,1,0,3:2:0:0:
488,187,68757,1,12,0:2:0:0:
307,55,68919,2,0,P|283:96|298:141,1,92.0199971917725,0|0,3:2|3:2,0:0:0:0:
338,203,69162,5,8,0:2:0:0:
338,203,69244,2,0,B|310:165|261:186|261:186|257:218|231:225,1,138.029995787659,4|0,3:2|0:0,0:0:0:0:
182,294,69568,2,0,P|129:319|67:267,1,138.029995787659,4|0,3:2|0:0,0:0:0:0:
28,214,69892,5,4,3:2:0:0:
193,92,70054,5,8,0:2:0:0:
200,86,70135,1,8,0:2:0:0:
208,80,70216,1,8,0:2:0:0:
9,2,70379,5,10,0:2:0:0:
10,2,72811,6,0,P|20:63|31:135,1,129,2|0,3:2|0:0,0:0:0:0:
4,202,73135,6,0,P|45:211|86:179,1,92.0199971917725,4|0,3:2|0:0,0:0:0:0:
310,33,73460,2,0,P|390:-1|456:64,1,184.039994383545,12|0,0:2|3:2,0:0:0:0:
512,212,73946,2,0,P|504:257|498:302,1,92.0199971917725,12|0,0:2|3:2,0:0:0:0:
293,378,74271,5,0,3:2:0:0:
293,378,74352,1,0,3:2:0:0:
293,378,74433,2,0,B|284:328|250:357|241:304,1,92.0199971917725,8|0,0:2|0:0,0:0:0:0:
181,91,74757,5,8,0:3:0:0:
83,240,74919,1,8,0:3:0:0:
247,177,75081,5,4,0:3:0:0:
91,74,75244,1,4,0:3:0:0:
398,15,75406,6,0,P|385:80|372:158,1,138.029995787659,12|0,0:2|0:0,0:0:0:0:
355,221,75730,5,4,3:2:0:0:
355,221,76054,5,0,3:2:0:0:
355,221,76379,5,0,3:2:0:0:
165,39,76703,5,8,0:2:0:0:
29,255,76865,6,0,P|101:228|157:297,1,172,4|8,3:2|0:2,0:0:0:0:
358,310,77352,1,8,0:2:0:0:
244,231,77514,1,0,3:2:0:0:
352,316,77676,1,8,0:3:0:0:
238,237,77838,1,0,3:2:0:0:
420,377,78000,6,0,P|454:339|432:268,1,129,12|0,0:2|0:0,0:0:0:0:
416,255,78325,6,0,B|396:155|339:213|321:121,1,172,4|10,3:2|0:2,0:0:0:0:
197,14,78811,1,8,0:2:0:0:
104,191,78973,5,2,3:2:0:0:
231,95,79135,1,0,3:2:0:0:
98,196,79298,1,8,0:2:0:0:
194,338,79460,6,0,P|157:364|53:308,1,172,2|0,3:2|3:2,0:0:0:0:
13,153,79946,2,0,B|22:103|56:132|65:79,1,86,10|8,0:2|0:2,0:0:0:0:
294,25,80271,1,2,3:2:0:0:
161,135,80433,1,0,3:2:0:0:
302,19,80595,2,0,P|294:62|287:104,1,86,10|0,0:2|0:0,0:0:0:0:
480,254,80919,6,0,B|436:205|384:241|384:241|380:280|348:291,1,172,4|10,3:2|0:2,0:0:0:0:
156,351,81406,1,8,0:2:0:0:
266,216,81568,1,2,3:2:0:0:
301,377,81730,5,0,3:2:0:0:
162,234,81892,1,8,0:2:0:0:
346,102,82054,6,0,P|418:129|480:60,1,172,4|0,3:2|3:2,0:0:0:0:
275,0,82541,6,0,P|265:64|255:130,1,129,8|0,0:2|0:0,0:0:0:0:
240,198,82865,1,8,0:3:0:0:
97,96,83027,5,0,3:2:0:0:
90,90,83108,1,0,3:2:0:0:
82,84,83189,1,8,0:2:0:0:
248,205,83352,1,8,0:2:0:0:
89,367,83514,6,0,P|43:358|-10:350,1,86,4|0,3:2|0:0,0:0:0:0:
149,240,83838,1,10,0:2:0:0:
241,340,84000,5,0,3:2:0:0:
247,346,84081,1,8,0:2:0:0:
254,353,84162,1,2,3:2:0:0:
369,215,84325,1,0,3:2:0:0:
466,374,84487,1,10,0:2:0:0:
365,207,84649,6,0,P|371:163|380:114,1,86,0|2,3:2|0:2,0:0:0:0:
426,67,84892,1,8,0:2:0:0:
433,61,84973,1,0,3:2:0:0:
247,2,85135,2,0,P|224:39|237:81,1,86,10|0,0:2|3:2,0:0:0:0:
143,270,85460,5,2,3:2:0:0:
288,163,85622,1,0,3:2:0:0:
134,276,85784,1,10,0:2:0:0:
311,354,85946,5,8,0:3:0:0:
319,357,86027,1,8,0:3:0:0:
327,361,86108,1,0,3:2:0:0:
129,172,87081,1,8,0:2:0:0:
319,31,87244,6,0,P|356:5|460:61,1,172,4|0,3:2|3:2,0:0:0:0:
496,119,87649,1,8,0:2:0:0:
501,125,87730,1,0,3:2:0:0:
355,218,87892,1,8,0:3:0:0:
512,288,88054,5,0,3:2:0:0:
387,128,88217,1,8,0:3:0:0:
301,320,88379,1,8,0:2:0:0:
166,162,88541,5,4,3:2:0:0:
